Sigmoid Forward Pass is CORRECT
Tanh Forward Pass is CORRECT
ReLU Forward Pass is CORRECT
Sigmoid Gradient is CORRECT
Tanh Gradient is WRONG
ReLU Gradient is CORRECT
[-1.38262751e-01 -4.20645754e-01  5.60786548e-01 -5.60176287e-01
 -5.99375754e-01  1.90941591e+00 -9.22160395e-01  1.04901162e+00
 -5.16046194e-01 -3.93337119e-01  9.24632237e-01 -2.89625683e+00
 -4.29404786e-01  9.92036378e-01  5.36647369e-01 -5.51187471e-01
  1.37487326e+00  4.89188111e-01 -6.06636479e-02 -3.33823898e-01
 -1.44514096e-01 -9.02052259e-01 -1.90903581e-01 -9.98065074e-01
  1.76819173e-01  9.68185007e-01  6.19707854e-01  1.09098160e+00
  2.69303179e+00 -4.24237244e-01 -8.60386889e-01  8.55561440e-01
  4.25444822e-01 -9.37928878e-01  5.69762924e-01 -6.27317256e-01
 -7.19108800e-01  1.45261063e+00 -1.60027525e+00 -1.30059679e-01
 -3.12011841e-02 -7.78836508e-01 -1.09020877e+00 -1.36561834e+00
  1.07192525e+00 -1.35251094e+00  9.37476055e-01 -1.44520196e+00
 -5.73942926e-02 -1.01776981e+00 -4.53413097e-01  5.01683843e-01
 -5.10162926e-01 -3.12666537e-01 -3.97320035e-01  5.33210225e-01
 -1.03589473e-01 -2.17159772e-01 -2.38232641e-01 -2.52227487e+00
 -6.30932329e-01  2.30610269e-01 -1.09714710e+00 -1.44098537e+00
 -8.14008133e-01 -1.21015627e+00  5.84492560e-02 -1.46850389e-01
 -9.06901746e-01  5.50009225e-02 -1.77767983e+00 -1.27402072e-01
  6.50245194e-02 -5.14933823e-01  5.74033754e-01  1.21847029e-01
 -5.09093534e-01 -1.11329577e+00 -6.79888253e-01 -1.12519231e+00
 -5.03650946e-01 -6.78979232e-01  1.23683708e+00 -4.79966260e-01
  1.16498836e+00 -4.51642655e-01 -7.62130591e-01 -5.87736943e-01
 -1.15370798e+00  2.14170543e-01  1.07341301e+00  1.02196618e+00
 -4.76064749e-01  8.46838923e-01 -3.93352349e-01  1.32269865e+00
  1.26871482e+00  4.46704426e-01  5.03232400e-01  3.69924881e-01
 -3.05503881e-01  2.00737228e-01  2.14109913e-01 -9.77366622e-01
 -7.85888963e-02  1.33399945e+00 -6.65040031e-01  6.12825867e-01
  5.12544432e-01 -5.33543858e-01  4.32844414e-01 -9.91334475e-01
 -1.45183456e+00  3.53030789e-02 -7.16394894e-01  4.20310759e-01
  4.86287196e-01  6.28075049e-01  3.41474602e-02 -1.24286924e+00
 -1.87897848e+00 -9.18619297e-01  1.67878819e+00 -7.72260870e-02
  6.89942109e-01 -1.01794261e+00 -1.22972038e-01  5.05537109e-01
 -1.01550713e+00 -1.00029430e-01  5.27433812e-01 -1.45461453e+00
  1.46067702e+00  6.86821878e-02 -9.77757271e-01  2.36547031e-01
  5.56276791e-02 -1.48892326e+00 -1.73573140e+00 -2.26179129e-01
 -2.10834009e-01 -4.21098692e-01  1.81472865e-01 -7.56779791e-01
 -1.29691180e+00  1.70712654e-02  1.88785513e+00  3.62020430e-01
  7.42904934e-01  2.66216187e-01 -3.26551219e-02 -1.42030070e+00
  7.57731992e-01  1.08794098e+00  7.53332086e-01  1.09097680e+00
 -7.74678234e-01  4.13649377e-01  4.44871198e-01  1.42623442e-01
  3.93061566e-02  7.06898748e-01  4.55972016e-01  1.70702921e-01
  5.97059107e-01  9.32829992e-01 -2.16789466e-01 -1.75622431e+00
  1.44157967e-02 -2.19060941e-01  1.82132095e-01 -2.89040698e-02
  1.15936187e-02 -1.00852974e+00 -1.87596137e-01  3.19825644e-01
 -2.14694507e-01  1.06439953e-01  5.52296105e-02 -3.92666164e-01
 -7.81355743e-01 -7.25342716e-01  1.23867338e-02 -8.78134812e-01
 -1.73531140e+00 -9.17025800e-01 -3.88743817e-01  1.31272384e+00
  1.29132809e+00  3.70497283e-01 -4.60524815e-01 -2.33788695e-01
  5.41380041e-01  1.00106095e+00 -1.48971124e-01  1.01738408e-01
 -5.43804354e-01  9.16379307e-01  6.93825595e-01 -5.54670442e-01
  2.83324709e-01 -7.90329631e-01 -3.36306665e-01  7.55508196e-01
  2.00147365e-01  7.25488645e-01 -4.14385109e-01 -1.25546641e+00
 -2.75320921e-01 -3.75705884e-01 -1.99297798e-02 -2.62031678e-01
 -1.08243807e+00  6.77842131e-01  3.63671664e-01  1.06889164e+00
 -8.27895279e-01  3.00415360e-01 -1.16000241e-01  2.73319900e-01
 -1.26782027e-01 -6.01517343e-01  2.37860076e-01  6.76877787e-01
  7.34895470e-01  1.07787648e+00  4.40050861e-01  1.69753066e-01
 -7.57166362e-02  7.58390834e-01  3.43353069e-01 -1.16671260e+00
 -1.26929058e-01 -1.37176345e+00 -6.46936128e-01 -1.06872498e+00
 -9.52974580e-01 -7.22253490e-01 -1.53218448e+00  7.15225929e-01
 -7.13801940e-01 -1.38637943e+00 -6.46685277e-01  3.96488326e-03
  1.50410909e+00  1.66585455e-01  5.95961826e-01 -1.30478779e+00
 -8.30585010e-01 -2.06943800e+00  1.22514952e-02 -2.56050926e-01
 -1.03758525e+00  1.72633853e+00 -5.33719502e-01  1.73632230e+00
  3.29896552e-01  1.86047414e+00  7.60077498e-01  4.34163657e-01
 -1.18252292e+00 -8.74018955e-02  1.76788769e-01 -3.31776591e-01
  2.32505423e+00 -7.77835255e-02  9.40404664e-01  1.12674883e-01
 -9.62624651e-01 -7.28496326e-01  1.16403890e+00  7.95244686e-01
 -1.07115245e+00  1.28160547e+00  8.96610526e-01  1.46572786e+00
 -8.05010370e-01 -8.25305689e-01  2.12858533e-01  7.53742784e-03
  6.80550892e-01  8.89134246e-02  1.15303837e+00  1.40039208e-01
 -1.00213172e+00 -2.71909793e-01 -4.50440081e-02  1.13187586e+00
 -1.07173385e+00  1.29150246e+00  5.53489014e-01  1.05512628e+00
  1.05563192e+00 -1.88269202e+00 -1.46605941e-01 -1.00016419e-01
  1.21277867e+00 -2.94699976e-02 -1.07761643e+00 -3.57431877e-01
 -1.05498823e+00  4.63639881e-01 -3.78919247e-02 -1.39717772e-02
  2.87383762e-02  1.35582884e+00  6.66678768e-01  3.61035573e-01
  7.53770638e-01 -2.95217019e-01  9.15962129e-01 -3.59295295e-01
  3.29403366e-01  3.39184210e-01 -3.76680079e-01 -1.01402483e+00
  1.02828460e+00  4.17000365e-02  9.75627071e-01 -5.95307630e-01
 -1.61156532e+00  2.53052655e+00  7.21958036e-02  1.85465969e-01
 -6.27109248e-01  4.75052942e-01 -1.25112995e-01 -8.87888999e-01
 -1.76967386e-01 -3.71364838e-02  7.03201016e-01 -7.80916266e-01
 -1.49987235e-01 -1.09448319e+00 -1.01892583e-01  7.03422721e-01
 -7.85820978e-01  1.07961732e+00  2.65431665e-01 -2.49132434e-01
 -1.80976831e-01  1.22938255e+00  3.36421928e-01  3.89984279e-01
  1.60000617e+00 -1.26610161e+00 -7.00868173e-01  1.59901494e+00
  1.57622204e+00  2.80896771e-01  1.62448816e+00 -8.98744820e-01
  1.82864490e+00 -8.97843920e-01  5.01198646e-01  9.02720148e-02
 -1.30245977e+00 -2.02911543e-01 -1.30558222e-01  5.56595832e-01
 -1.60580282e-01 -6.16758595e-01 -1.11088706e+00 -1.75508849e+00
 -2.37977607e+00  1.08960122e+00  4.34477351e-01  1.47596473e+00
  8.83645645e-01  1.69866889e+00  4.10519801e-01 -1.83075968e-01
  6.24061261e-01 -2.97535965e-01  1.07112009e+00 -1.72007513e+00
  1.32392640e+00  1.31686396e+00 -5.65143618e-01 -6.15913506e-01
  1.05924221e+00 -8.94497628e-01  5.32112650e-01 -6.89247647e-01
 -1.63096208e-01 -1.01765492e-01  4.98610995e-01  1.43204308e+00
 -8.65872616e-01 -6.06741910e-01  1.64595246e-01  2.11112494e+00
 -1.17404557e+00 -8.04683322e-01  6.54634698e-01 -1.64306689e+00
  6.52163493e-01  1.42061823e+00  6.61516264e-01 -1.68229177e+00
  1.01269749e+00  5.80151573e-01  8.15182625e-01  3.72954482e-01
  1.09643575e+00  8.55546236e-01  2.22744167e-01 -2.01197813e-01
  9.16482809e-01 -1.05473262e+00  2.68749770e-01  1.37783481e+00
  5.06342472e-01  6.75572468e-02  7.27370650e-01 -6.23272452e-01
  1.17827952e+00  2.14417186e+00 -1.27842266e+00 -2.40322838e+00
  8.68048432e-01  6.32264672e-01  1.55966396e+00 -4.13503427e-01
  5.68546071e-01  2.32218708e-01  2.47367597e-01  1.31786189e+00
  3.70241930e-01 -2.83033764e-01 -1.21879032e+00  6.70911445e-01
  1.04616347e+00 -4.58707694e-01  1.88676262e-01 -1.68352977e+00
  2.72458384e-01 -1.61135995e-02  6.51400332e-01 -8.19332815e-01
  1.39197286e+00 -3.72316539e-01  5.12144450e-01 -4.73146558e-01
  2.59175371e-01  1.22374593e-01  1.07271245e+00  4.03334188e-01
 -2.60640989e-02 -3.04191987e-01 -7.80532954e-01 -8.15461311e-02
 -1.84420782e+00 -6.60437842e-01 -7.20347488e-01 -7.98544296e-01
 -2.80280749e-01 -4.90095700e-01 -3.16668727e-01  1.08445710e+00
  1.41578268e-01  1.01790690e+00 -6.84923458e-01  6.43899363e-01
 -6.92996083e-01  2.13594323e-01  5.02386100e-01  2.77240398e-01
 -1.43584211e-01  9.22838474e-01  7.63765606e-01 -9.11231458e-01
 -1.95057584e+00  2.96721337e-01 -1.26546936e+00 -4.24457633e-01
 -4.59116513e-01  1.82777174e+00 -1.40788231e+00  7.00141140e-01
 -7.28847635e-01  8.28931173e-01  1.10802310e+00 -5.19276407e-01
  1.14546158e+00 -1.02647693e+00 -1.41981535e+00  2.48602246e-01
 -8.93790358e-01  5.52069311e-01 -6.36562567e-01  9.73865421e-02
  7.99038610e-01 -1.24056305e+00  7.76783050e-01  9.51117955e-01
  1.06112628e+00 -9.16520511e-01 -4.66654223e-01 -1.08004153e+00
 -6.41053381e-02 -3.64001714e-01 -1.09803704e+00 -9.62149242e-02
 -1.71308506e-01 -1.23978206e+00  3.70884090e-01 -1.45020301e+00
  1.05157927e+00 -8.30498324e-01 -2.54860070e+00 -6.17839690e-01
 -3.87905772e-01  4.02417062e-01 -3.33748783e-01 -1.33243564e-01
 -2.31161856e-02 -1.78081127e+00 -3.28728306e-01 -1.41705846e+00
 -1.10058955e+00  1.48237052e-01  1.93905653e-01 -3.10469506e-01
  1.39491675e+00  4.19385507e-01 -1.83265682e+00 -1.26936242e+00
  7.59519160e-02 -6.79373065e-01 -1.12354383e+00 -4.44109248e-01
 -4.97566638e-01 -3.54617823e-01 -2.75167516e+00  1.03311495e+00
  1.29737927e+00  1.28680926e+00 -5.41583569e-02  1.51092832e+00
 -3.19689128e-01 -6.74713400e-01  1.08316378e-01 -6.78440988e-01
  8.16586545e-01  8.58753259e-01 -1.57765762e+00  4.30297680e-02
  1.11012894e+00  1.26497221e+00 -4.27673455e-01 -1.29608215e+00
 -1.96156975e+00  3.75888312e-01  3.73249369e-01 -1.17959806e+00
  1.03753721e-01  2.54709897e-01  8.91529207e-01 -8.71241043e-01
  8.56955098e-01  5.60222685e-01  3.69831294e-01  2.22490404e-01
 -6.70004960e-02  3.80617275e-01  1.15966128e+00 -1.48494499e+00
 -6.80093293e-01 -4.82412979e-01 -6.13772737e-01  8.29657673e-02
 -2.08866074e-01  9.81924039e-01 -2.34374956e-01 -4.83839605e-02
 -1.79219196e-01 -2.16267515e+00  1.03874162e+00  1.29288150e+00
  8.71310081e-01  5.08443614e-01  2.82902211e-01  5.18516828e-01
 -2.38130389e-01  2.17784205e-02 -1.44665352e+00 -1.40469252e+00
 -2.01727238e+00 -1.15488834e+00  6.73063990e-01  9.08098224e-02
  4.43022495e-01 -7.68820050e-01  8.85573069e-01 -5.34118931e-01
 -2.18773811e-01 -1.16279031e+00 -1.11107792e+00  5.13179907e-01
  5.62899846e-01 -4.47416875e-01 -3.07414593e-01  4.27152928e-01
  2.23295847e+00  1.89667182e+00  1.06080279e+00 -1.36099432e-01
 -1.44726255e+00 -6.07781252e-01 -3.56273189e-01 -7.42578997e-01
 -1.64827621e-01 -6.72431880e-01 -1.65589105e+00 -2.20741295e+00
 -6.59803275e-01 -1.17976627e+00 -8.43927854e-01  1.29642902e+00
  1.97230500e+00  1.27242334e+00 -8.86087697e-01  1.04372009e+00
  1.28937441e+00  1.20702795e-01  2.21149397e-01  2.48000480e-01
 -5.01280314e-01  3.68855828e-01  1.48350505e+00 -1.85770074e-01
  1.33673857e+00 -2.31893281e-02  9.21200420e-01 -2.72096201e-01
 -8.06469675e-01 -1.44660915e+00 -1.32105750e+00  1.49052439e-01
 -2.01080624e-01  1.58539220e+00 -1.27537614e+00  4.67818551e-01
  4.11007639e-01  8.33505352e-01 -5.57828001e-01  3.52951412e-01
  1.51985556e+00 -1.39138099e+00 -8.55482085e-01  2.34125204e+00
  3.63987266e-01 -2.24437669e-01 -1.00784835e+00  1.82963428e+00
  2.88770863e-01  2.06499440e-01 -1.12800223e-01  7.91505762e-01
  2.29918820e+00 -8.47161797e-01  1.41874010e-01 -1.64995759e+00
 -5.16092073e-01 -1.46871936e+00 -8.97996793e-01 -1.96474433e+00
 -7.25999546e-01 -3.26434268e-01 -6.15923542e-01  8.43672186e-01
  2.95428138e-02 -1.62827396e+00  8.00647966e-01 -5.71805729e-01
 -1.76153612e+00  1.05110960e+00  6.51217661e-01  6.55527125e-01
  3.24074226e-01  4.60553490e-01  9.29074384e-01 -3.52175003e-01
  1.27088112e+00 -1.02392018e-01  1.79344209e+00 -3.17647961e-01
 -1.01552755e+00  1.38544884e+00 -1.28188126e+00 -4.00067317e-01
  4.73829416e-02  6.63037927e-01 -7.37328146e-01  4.97060024e-01
  2.92024054e-01 -8.16111762e-02 -1.31310513e+00 -2.05476523e-01
  1.11545997e+00  3.68778216e-01 -4.50272820e-01 -4.41932880e-01
 -4.06019633e-01 -1.55653418e-01 -3.12318983e-01  8.79171680e-01
 -2.04519810e-01  2.52792428e-01  1.52676348e+00 -1.12505476e+00
  1.23533190e+00 -6.06186122e-01 -1.12492722e+00  5.14800010e-01
 -1.71021727e+00 -6.70240573e-01 -1.13005449e-03 -1.06718988e+00
  1.71598600e-01 -4.63917802e-01 -1.15789657e+00  1.44891957e+00
  2.17191058e-01  1.41293026e+00  8.00243320e-01 -3.97350044e-01
  5.98277436e-01 -5.59292782e-01 -4.75705435e-01 -1.56877197e+00
 -1.34660639e+00 -7.35996784e-01 -3.79222321e-01  1.94356768e+00
  7.29526411e-01 -4.82288779e-01 -4.11433043e-01 -1.95685875e-01
  6.04184623e-01 -2.01096540e-01 -1.39154139e-01  9.61065868e-02
  1.98697729e+00 -7.09588590e-01 -1.36272034e+00 -3.51636930e-01
  3.28311301e-01  1.46617981e-01  6.18878132e-01 -8.58393545e-01
 -6.32616585e-01  5.67283097e-01 -1.41447144e-01  1.15720236e+00
 -1.62165011e+00 -9.35944184e-01 -3.39461680e-01  9.68826507e-01
  1.99822237e+00 -1.56003306e+00 -4.20584151e-01  7.24203553e-01
 -2.51116097e-01  5.99864368e-01 -8.18516497e-02 -1.28933795e+00
  4.14237698e-01 -2.31684479e-01 -4.16911750e-01 -2.83439162e-01
  1.34812315e+00 -1.32165675e+00  9.51942911e-01  4.52074413e-01
  1.05234887e+00 -5.68937022e-01  2.59322956e-01  1.19598017e+00
  3.77170797e-01 -4.00163817e-02 -8.63758360e-01  3.04807545e-01]
[-0.1382643]
Layer1 Input is CORRECT
Layer1 Weights is WRONG
[[ 0.49671415 -0.13826275  0.64768854 ...  0.26105527  0.00511347
  -0.23458713]
 [-1.41537074 -0.42064575 -0.34271452 ...  0.15372511  0.05820872
  -1.1429703 ]
 [ 0.35778736  0.56078655  1.08305124 ...  0.30729952  0.81286213
   0.62962884]
 ...
 [ 1.0694361  -0.04001638 -1.00736785 ... -0.68887077  0.45739701
   1.39050338]
 [ 0.61764047 -0.86375836  0.61416404 ...  0.81223222 -0.63712757
   0.83060074]
 [ 1.28311075  0.30480755  0.43324489 ...  0.40608518 -0.14288632
   1.94106096]]
[[ 0.49671415 -0.1382643   0.64768854 ...  0.26105527  0.00511346
  -0.23458713]
 [-1.41537074 -0.42064532 -0.34271452 ...  0.15372511  0.05820872
  -1.1429703 ]
 [ 0.35778736  0.56078453  1.08305124 ...  0.30729952  0.81286212
   0.62962884]
 ...
 [ 1.0694361  -0.04001221 -1.00736785 ... -0.68887077  0.45739704
   1.39050338]
 [ 0.61764047 -0.86375955  0.61416404 ...  0.81223222 -0.63712757
   0.83060074]
 [ 1.28311075  0.30480564  0.43324489 ...  0.40608518 -0.14288634
   1.94106096]]
Layer1 Biases is WRONG
[[ 1.10328048e-12  3.12113704e-06  0.00000000e+00 -8.54743091e-12
  -1.49173128e-12  0.00000000e+00 -4.81835638e-14 -2.12282300e-22
   1.56499271e-06  9.19787341e-27 -6.68967598e-16 -1.08478293e-14
  -3.80866383e-10  2.94833684e-25 -1.83947472e-09  7.40014960e-08
   1.57097351e-11  0.00000000e+00 -6.22262232e-18 -9.00786232e-22
   1.77482413e-18 -1.15763407e-23  2.74829082e-11  3.53319204e-07
   1.72261786e-13  1.63120401e-11 -4.65884274e-08  0.00000000e+00
   2.63470908e-14 -5.63614097e-19  5.52169740e-08  0.00000000e+00
  -2.05400293e-16 -9.48223427e-09 -1.81239259e-06  8.20502276e-06
  -9.02419043e-14  3.48078335e-13 -1.09741260e-14  0.00000000e+00
  -5.21023601e-24 -5.45010617e-06 -1.57053142e-06  5.22643519e-06
   0.00000000e+00 -1.25351357e-25  1.54289866e-10  4.05412343e-08
   1.55455942e-06  3.66947131e-29 -7.96798972e-13  3.16057749e-05
  -2.69563533e-16 -1.63790176e-09 -6.85486447e-06  1.56011836e-27
  -6.97424860e-09 -4.39595128e-19 -5.82628067e-07 -6.65310569e-16
   7.92391560e-09 -2.32732937e-16  4.80453020e-10  0.00000000e+00
  -3.87404197e-06 -3.78462851e-15 -3.81135107e-19  3.92237480e-12
  -3.47588682e-06  0.00000000e+00  7.06052263e-17  0.00000000e+00
   9.82443216e-12 -1.97824599e-06 -2.42827803e-17  4.84185727e-15
   1.49391534e-19 -1.38387769e-17  3.88787150e-10 -8.17248643e-11
  -6.23947562e-10  5.70071096e-10  1.20097679e-07  9.66623064e-06
  -2.25468224e-06 -5.77761610e-08  9.72914381e-08  0.00000000e+00
   2.84037396e-10 -7.79185026e-20  2.89589992e-07 -5.19297601e-15
   3.89696723e-26  0.00000000e+00 -2.12663572e-08  5.52517686e-08
  -1.58106591e-17  0.00000000e+00  2.04997467e-08  9.13889305e-15]]
[[0. 0. 0. 0. 0. 0. 0. 0. 0. 0. 0. 0. 0. 0. 0. 0. 0. 0. 0. 0. 0. 0. 0. 0.
  0. 0. 0. 0. 0. 0. 0. 0. 0. 0. 0. 0. 0. 0. 0. 0. 0. 0. 0. 0. 0. 0. 0. 0.
  0. 0. 0. 0. 0. 0. 0. 0. 0. 0. 0. 0. 0. 0. 0. 0. 0. 0. 0. 0. 0. 0. 0. 0.
  0. 0. 0. 0. 0. 0. 0. 0. 0. 0. 0. 0. 0. 0. 0. 0. 0. 0. 0. 0. 0. 0. 0. 0.
  0. 0. 0. 0.]]
Layer1 Weight Gradient is CORRECT
[[ 5.48015032e-09  1.55031294e-02  0.00000000e+00 ... -0.00000000e+00
   1.01825143e-04  4.53941752e-11]
 [-1.52544305e-09 -4.31541832e-03 -0.00000000e+00 ...  0.00000000e+00
  -2.83438316e-05 -1.26358266e-11]
 [ 7.14582124e-09  2.02152469e-02  0.00000000e+00 ... -0.00000000e+00
   1.32774510e-04  5.91915628e-11]
 ...
 [-1.47325937e-08 -4.16779274e-02 -0.00000000e+00 ...  0.00000000e+00
  -2.73742211e-04 -1.22035693e-10]
 [ 4.19464869e-09  1.18664960e-02  0.00000000e+00 ... -0.00000000e+00
   7.79395965e-05  3.47458750e-11]
 [ 6.73647337e-09  1.90572179e-02  0.00000000e+00 ... -0.00000000e+00
   1.25168531e-04  5.58007782e-11]]
[[ 5.48015032e-09  1.55031294e-02  0.00000000e+00 ...  0.00000000e+00
   1.01825143e-04  4.53941752e-11]
 [-1.52544305e-09 -4.31541832e-03  0.00000000e+00 ...  0.00000000e+00
  -2.83438316e-05 -1.26358266e-11]
 [ 7.14582124e-09  2.02152469e-02  0.00000000e+00 ...  0.00000000e+00
   1.32774510e-04  5.91915628e-11]
 ...
 [-1.47325937e-08 -4.16779274e-02  0.00000000e+00 ...  0.00000000e+00
  -2.73742211e-04 -1.22035693e-10]
 [ 4.19464869e-09  1.18664960e-02  0.00000000e+00 ...  0.00000000e+00
   7.79395965e-05  3.47458750e-11]
 [ 6.73647337e-09  1.90572179e-02  0.00000000e+00 ...  0.00000000e+00
   1.25168531e-04  5.58007782e-11]]
Layer1 Bias Gradient is CORRECT
[ 1.10328048e-08  3.12113704e-02  0.00000000e+00 -8.54743091e-08
 -1.49173128e-08  0.00000000e+00 -4.81835638e-10 -2.12282300e-18
  1.56499271e-02  9.19787341e-23 -6.68967598e-12 -1.08478293e-10
 -3.80866383e-06  2.94833684e-21 -1.83947472e-05  7.40014960e-04
  1.57097351e-07  0.00000000e+00 -6.22262232e-14 -9.00786232e-18
  1.77482413e-14 -1.15763407e-19  2.74829082e-07  3.53319204e-03
  1.72261786e-09  1.63120401e-07 -4.65884274e-04  0.00000000e+00
  2.63470908e-10 -5.63614097e-15  5.52169740e-04  0.00000000e+00
 -2.05400293e-12 -9.48223427e-05 -1.81239259e-02  8.20502276e-02
 -9.02419043e-10  3.48078335e-09 -1.09741260e-10  0.00000000e+00
 -5.21023601e-20 -5.45010617e-02 -1.57053142e-02  5.22643519e-02
  0.00000000e+00 -1.25351357e-21  1.54289866e-06  4.05412343e-04
  1.55455942e-02  3.66947131e-25 -7.96798972e-09  3.16057749e-01
 -2.69563533e-12 -1.63790176e-05 -6.85486447e-02  1.56011836e-23
 -6.97424860e-05 -4.39595128e-15 -5.82628067e-03 -6.65310569e-12
  7.92391560e-05 -2.32732937e-12  4.80453020e-06  0.00000000e+00
 -3.87404197e-02 -3.78462851e-11 -3.81135107e-15  3.92237480e-08
 -3.47588682e-02  0.00000000e+00  7.06052263e-13  0.00000000e+00
  9.82443216e-08 -1.97824599e-02 -2.42827803e-13  4.84185727e-11
  1.49391534e-15 -1.38387769e-13  3.88787150e-06 -8.17248643e-07
 -6.23947562e-06  5.70071096e-06  1.20097679e-03  9.66623064e-02
 -2.25468224e-02 -5.77761610e-04  9.72914381e-04  0.00000000e+00
  2.84037396e-06 -7.79185026e-16  2.89589992e-03 -5.19297601e-11
  3.89696723e-22  0.00000000e+00 -2.12663572e-04  5.52517686e-04
 -1.58106591e-13  0.00000000e+00  2.04997467e-04  9.13889305e-11]
[ 1.10328048e-08  3.12113704e-02  0.00000000e+00 -8.54743091e-08
 -1.49173128e-08  0.00000000e+00 -4.81835638e-10 -2.12282300e-18
  1.56499271e-02  9.19787341e-23 -6.68967598e-12 -1.08478293e-10
 -3.80866383e-06  2.94833684e-21 -1.83947472e-05  7.40014960e-04
  1.57097351e-07  0.00000000e+00 -6.22262232e-14 -9.00786232e-18
  1.77482413e-14 -1.15763407e-19  2.74829082e-07  3.53319204e-03
  1.72261786e-09  1.63120401e-07 -4.65884274e-04  0.00000000e+00
  2.63470908e-10 -5.63614097e-15  5.52169740e-04  0.00000000e+00
 -2.05400293e-12 -9.48223427e-05 -1.81239259e-02  8.20502276e-02
 -9.02419043e-10  3.48078335e-09 -1.09741260e-10  0.00000000e+00
 -5.21023601e-20 -5.45010617e-02 -1.57053142e-02  5.22643519e-02
  0.00000000e+00 -1.25351357e-21  1.54289866e-06  4.05412343e-04
  1.55455942e-02  3.66947131e-25 -7.96798972e-09  3.16057749e-01
 -2.69563533e-12 -1.63790176e-05 -6.85486447e-02  1.56011836e-23
 -6.97424860e-05 -4.39595128e-15 -5.82628067e-03 -6.65310569e-12
  7.92391560e-05 -2.32732937e-12  4.80453020e-06  0.00000000e+00
 -3.87404197e-02 -3.78462851e-11 -3.81135107e-15  3.92237480e-08
 -3.47588682e-02  0.00000000e+00  7.06052263e-13  0.00000000e+00
  9.82443216e-08 -1.97824599e-02 -2.42827803e-13  4.84185727e-11
  1.49391534e-15 -1.38387769e-13  3.88787150e-06 -8.17248643e-07
 -6.23947562e-06  5.70071096e-06  1.20097679e-03  9.66623064e-02
 -2.25468224e-02 -5.77761610e-04  9.72914381e-04  0.00000000e+00
  2.84037396e-06 -7.79185026e-16  2.89589992e-03 -5.19297601e-11
  3.89696723e-22  0.00000000e+00 -2.12663572e-04  5.52517686e-04
 -1.58106591e-13  0.00000000e+00  2.04997467e-04  9.13889305e-11]
0.05542508336408701
9.005988075867366e-05
1.1013477962808774e-11
1.7896324029972588e-14
[-0.1382643  -0.42064492  0.56079666 -0.56018104 -0.59937502  1.90942877
 -0.92216532  1.04900923 -0.51604398 -0.39333881  0.92464582 -2.89624324
 -0.42940554  0.99204235  0.53666489 -0.55118571  1.37488855  0.48919926
 -0.06066081 -0.33381949 -0.14451867 -0.90205155 -0.19089166 -0.99806056
  0.17682087  0.96818466  0.61972356  1.09099256  2.6930458  -0.4242242
 -0.86037294  0.85556779  0.425457   -0.93792557  0.569762   -0.62730204
 -0.71909732  1.45261675 -1.60025897 -0.13004816 -0.03120349 -0.77883137
 -1.09020783 -1.36560726  1.071942   -1.35250869  0.93747749 -1.44519314
 -0.05738347 -1.01776431 -0.45340197  0.50169205 -0.51016081 -0.31265631
 -0.3973203   0.53320732 -0.10357472 -0.21715881 -0.23823363 -2.52227792
 -0.63093083  0.23061085 -1.09714365 -1.4409695  -0.8140085  -1.21014837
  0.05844948 -0.14684139 -0.90690055  0.05501507 -1.77768096 -0.12739474
  0.06502463 -0.51492711  0.57404193  0.12184446 -0.50908167 -1.1132827
 -0.67987641 -1.12517397 -0.50363813 -0.67898035  1.23684442 -0.47995333
  1.16499116 -0.45164108 -0.76213342 -0.58772584 -1.15369419  0.21416894
  1.07342475  1.02197529 -0.47606256  0.84685208 -0.39333899  1.32270322
  1.26872603  0.44671574  0.50324451  0.36993775]
[0.03316522]
Layer2 Input is CORRECT
Layer2 Weights is WRONG
[[ 0.49671415 -0.1382643   0.64768854 ...  0.26105527  0.00511346
  -0.23458713]
 [-1.41537089 -0.42064492 -0.3427144  ...  0.15372511  0.05820895
  -1.1429703 ]
 [ 0.35778301  0.56079666  1.08305484 ...  0.30729953  0.81286898
   0.62962884]
 ...
 [-0.24599969  0.44671574  0.58706113 ...  0.3753597  -0.11518147
  -1.18308552]
 [ 0.93380608  0.50324451  2.30564043 ... -0.27027036  1.61287523
   0.94661831]
 [ 0.93465036  0.36993775 -1.11732342 ... -0.70531672  0.49577243
   0.64438845]]
[[ 0.49671415 -0.1382643   0.64768854 ...  0.26105527  0.00511346
  -0.23458713]
 [-1.41537074 -0.42064532 -0.34271452 ...  0.15372511  0.05820872
  -1.1429703 ]
 [ 0.35778736  0.56078453  1.08305124 ...  0.30729952  0.81286212
   0.62962884]
 ...
 [-0.24599534  0.44670361  0.58705753 ...  0.3753597  -0.11518833
  -1.18308552]
 [ 0.93381043  0.50323238  2.30563684 ... -0.27027037  1.61286837
   0.94661831]
 [ 0.93465471  0.36992561 -1.11732701 ... -0.70531672  0.49576557
   0.64438845]]
Layer2 Biases is WRONG
[[-4.34928396e-06  1.21340644e-05  3.59245610e-06 -3.85330068e-06
   5.71317536e-07 -2.85492644e-12  1.22427228e-06 -4.04033726e-09
   4.05629093e-06  4.05461531e-08 -4.57299436e-07 -3.82524220e-06
   6.67990017e-06 -1.06664726e-08 -1.66332240e-07 -4.35383437e-11
  -7.25127527e-07 -4.42260318e-07  3.51923095e-08  4.53203167e-06
  -8.88407096e-06 -1.36523481e-07  2.30031599e-05 -3.50429729e-06
  -1.57279699e-07 -1.23117514e-08 -3.36012842e-08  4.23392126e-10
   8.08447847e-06 -1.37294795e-05 -5.39481256e-07 -2.68117375e-06
  -3.20624456e-08  4.22557312e-07 -6.54782944e-09  3.09812157e-10
  -2.71535076e-08 -1.79757821e-07 -7.93509599e-10 -4.60773304e-05
  -4.59414146e-10 -1.70668294e-08  1.91619573e-05 -1.44765864e-06
   1.43772387e-05 -3.47112941e-11  9.02774090e-10 -5.73317547e-11
  -1.35240871e-07  2.46822722e-09  6.10975369e-06  2.36915373e-08
  -7.26259306e-06  2.70735275e-05  4.07563621e-09 -2.25170976e-06
   6.26618354e-07 -8.95385010e-07 -2.89976336e-05 -6.44555136e-09
  -3.18888865e-07  1.05389634e-07 -7.21293221e-09 -8.45122392e-09
   2.76282409e-07  2.38753765e-05 -7.90828299e-14  4.03338526e-07
   1.61272619e-05 -7.94482321e-11  4.55907650e-07 -2.41834653e-08
   4.48456139e-12  1.67518328e-06 -1.22960127e-05 -2.71385664e-07
  -3.19959329e-06  4.50847970e-07 -2.35754453e-06  1.46558057e-08
   4.08944608e-06 -1.25296254e-06 -2.63579321e-08 -1.36472365e-05
  -3.45327518e-07 -3.79343301e-05 -1.96832282e-06  6.14061295e-07
   8.02954941e-07 -3.06484450e-06 -1.27511720e-05 -1.82405131e-05
   4.82511827e-08  5.91235623e-07 -1.63157327e-09 -4.71491231e-12
  -1.64510574e-10  7.20299680e-09  6.86099398e-06  5.85004089e-11]]
[[0. 0. 0. 0. 0. 0. 0. 0. 0. 0. 0. 0. 0. 0. 0. 0. 0. 0. 0. 0. 0. 0. 0. 0.
  0. 0. 0. 0. 0. 0. 0. 0. 0. 0. 0. 0. 0. 0. 0. 0. 0. 0. 0. 0. 0. 0. 0. 0.
  0. 0. 0. 0. 0. 0. 0. 0. 0. 0. 0. 0. 0. 0. 0. 0. 0. 0. 0. 0. 0. 0. 0. 0.
  0. 0. 0. 0. 0. 0. 0. 0. 0. 0. 0. 0. 0. 0. 0. 0. 0. 0. 0. 0. 0. 0. 0. 0.
  0. 0. 0. 0.]]
Layer2 Weight Gradient is CORRECT
[[-1.43641464e-09  4.00745223e-09  1.18646117e-09 ...  2.37889504e-12
   2.26594361e-09  1.93206156e-14]
 [-1.44244957e-03  4.02428909e-03  1.19144595e-03 ...  2.38888970e-06
   2.27546372e-03  1.94017891e-08]
 [-4.34928396e-02  1.21340644e-01  3.59245610e-02 ...  7.20299680e-05
   6.86099398e-02  5.85004089e-07]
 ...
 [-4.34928396e-02  1.21340644e-01  3.59245610e-02 ...  7.20299680e-05
   6.86099398e-02  5.85004089e-07]
 [-4.34610182e-02  1.21251865e-01  3.58982768e-02 ...  7.19772674e-05
   6.85597415e-02  5.84576072e-07]
 [-4.34928396e-02  1.21340644e-01  3.59245610e-02 ...  7.20299680e-05
   6.86099398e-02  5.85004089e-07]]
[[-1.43641464e-09  4.00745223e-09  1.18646117e-09 ...  2.37889504e-12
   2.26594361e-09  1.93206156e-14]
 [-1.44244957e-03  4.02428909e-03  1.19144595e-03 ...  2.38888970e-06
   2.27546372e-03  1.94017891e-08]
 [-4.34928396e-02  1.21340644e-01  3.59245610e-02 ...  7.20299680e-05
   6.86099398e-02  5.85004089e-07]
 ...
 [-4.34928396e-02  1.21340644e-01  3.59245610e-02 ...  7.20299680e-05
   6.86099398e-02  5.85004089e-07]
 [-4.34610182e-02  1.21251865e-01  3.58982768e-02 ...  7.19772674e-05
   6.85597415e-02  5.84576072e-07]
 [-4.34928396e-02  1.21340644e-01  3.59245610e-02 ...  7.20299680e-05
   6.86099398e-02  5.85004089e-07]]
Layer2 Bias Gradient is CORRECT
[-4.34928396e-02  1.21340644e-01  3.59245610e-02 -3.85330068e-02
  5.71317536e-03 -2.85492644e-08  1.22427228e-02 -4.04033726e-05
  4.05629093e-02  4.05461531e-04 -4.57299436e-03 -3.82524220e-02
  6.67990017e-02 -1.06664726e-04 -1.66332240e-03 -4.35383437e-07
 -7.25127527e-03 -4.42260318e-03  3.51923095e-04  4.53203167e-02
 -8.88407096e-02 -1.36523481e-03  2.30031599e-01 -3.50429729e-02
 -1.57279699e-03 -1.23117514e-04 -3.36012842e-04  4.23392126e-06
  8.08447847e-02 -1.37294795e-01 -5.39481256e-03 -2.68117375e-02
 -3.20624456e-04  4.22557312e-03 -6.54782944e-05  3.09812157e-06
 -2.71535076e-04 -1.79757821e-03 -7.93509599e-06 -4.60773304e-01
 -4.59414146e-06 -1.70668294e-04  1.91619573e-01 -1.44765864e-02
  1.43772387e-01 -3.47112941e-07  9.02774090e-06 -5.73317547e-07
 -1.35240871e-03  2.46822722e-05  6.10975369e-02  2.36915373e-04
 -7.26259306e-02  2.70735275e-01  4.07563621e-05 -2.25170976e-02
  6.26618354e-03 -8.95385010e-03 -2.89976336e-01 -6.44555136e-05
 -3.18888865e-03  1.05389634e-03 -7.21293221e-05 -8.45122392e-05
  2.76282409e-03  2.38753765e-01 -7.90828299e-10  4.03338526e-03
  1.61272619e-01 -7.94482321e-07  4.55907650e-03 -2.41834653e-04
  4.48456139e-08  1.67518328e-02 -1.22960127e-01 -2.71385664e-03
 -3.19959329e-02  4.50847970e-03 -2.35754453e-02  1.46558057e-04
  4.08944608e-02 -1.25296254e-02 -2.63579321e-04 -1.36472365e-01
 -3.45327518e-03 -3.79343301e-01 -1.96832282e-02  6.14061295e-03
  8.02954941e-03 -3.06484450e-02 -1.27511720e-01 -1.82405131e-01
  4.82511827e-04  5.91235623e-03 -1.63157327e-05 -4.71491231e-08
 -1.64510574e-06  7.20299680e-05  6.86099398e-02  5.85004089e-07]
[-4.34928396e-02  1.21340644e-01  3.59245610e-02 -3.85330068e-02
  5.71317536e-03 -2.85492644e-08  1.22427228e-02 -4.04033726e-05
  4.05629093e-02  4.05461531e-04 -4.57299436e-03 -3.82524220e-02
  6.67990017e-02 -1.06664726e-04 -1.66332240e-03 -4.35383437e-07
 -7.25127527e-03 -4.42260318e-03  3.51923095e-04  4.53203167e-02
 -8.88407096e-02 -1.36523481e-03  2.30031599e-01 -3.50429729e-02
 -1.57279699e-03 -1.23117514e-04 -3.36012842e-04  4.23392126e-06
  8.08447847e-02 -1.37294795e-01 -5.39481256e-03 -2.68117375e-02
 -3.20624456e-04  4.22557312e-03 -6.54782944e-05  3.09812157e-06
 -2.71535076e-04 -1.79757821e-03 -7.93509599e-06 -4.60773304e-01
 -4.59414146e-06 -1.70668294e-04  1.91619573e-01 -1.44765864e-02
  1.43772387e-01 -3.47112941e-07  9.02774090e-06 -5.73317547e-07
 -1.35240871e-03  2.46822722e-05  6.10975369e-02  2.36915373e-04
 -7.26259306e-02  2.70735275e-01  4.07563621e-05 -2.25170976e-02
  6.26618354e-03 -8.95385010e-03 -2.89976336e-01 -6.44555136e-05
 -3.18888865e-03  1.05389634e-03 -7.21293221e-05 -8.45122392e-05
  2.76282409e-03  2.38753765e-01 -7.90828299e-10  4.03338526e-03
  1.61272619e-01 -7.94482321e-07  4.55907650e-03 -2.41834653e-04
  4.48456139e-08  1.67518328e-02 -1.22960127e-01 -2.71385664e-03
 -3.19959329e-02  4.50847970e-03 -2.35754453e-02  1.46558057e-04
  4.08944608e-02 -1.25296254e-02 -2.63579321e-04 -1.36472365e-01
 -3.45327518e-03 -3.79343301e-01 -1.96832282e-02  6.14061295e-03
  8.02954941e-03 -3.06484450e-02 -1.27511720e-01 -1.82405131e-01
  4.82511827e-04  5.91235623e-03 -1.63157327e-05 -4.71491231e-08
 -1.64510574e-06  7.20299680e-05  6.86099398e-02  5.85004089e-07]
0.02158659892231335
0.0004267216557923508
2.6549242981951123e-12
5.097521965751742e-14
[-0.13826555 -0.46573153 -0.22579094  1.85226905  0.17135351 -0.38508228
 -0.18565958  1.53802172  0.35710285  0.96863017 -0.42066008 -0.02652857
 -0.90940175  0.06856297  1.30712812  0.34643336  0.78706993 -0.81581035
 -0.85717239  0.85638664  0.56077687  1.13556511 -1.86726617  0.21644487
 -0.11475127  0.91786195 -0.0595254  -1.435877    0.66212861 -0.49301238
 -0.56019582  1.09877647  0.59514218 -0.8972691   0.24367236  1.47534137
  1.53272412  0.49799826 -0.5994075   0.49190819 -0.59937502 -1.12465691
  1.75532992 -2.03923232 -0.03270111  0.95514232  0.03526355 -2.30192116
 -0.9555548   1.47992929  1.9094061  -0.05025296  0.54335964 -1.66153218
 -1.12970686 -0.15568723  2.07538689  1.67642333 -0.41529716 -0.47767229
 -0.92217974 -0.05559951  0.47146836  1.52955032  1.66900675  1.12656316
 -0.54687379 -2.07339026 -1.12905866  1.15931495  1.04900908 -0.0967279
 -1.71016839 -0.97837295 -1.27957816 -1.35169943  0.12199574 -0.56247047
 -1.33535544  0.20768769 -0.51604519 -0.43974539  1.40934743 -0.91865686
  0.67481938 -0.55548428 -1.51574449 -0.79829744 -0.53086884  0.50726131
 -0.39334741  0.21914813 -1.02653015  1.88115694  0.87245733  0.35204055
  1.32913768 -0.68105166  0.42544427 -2.04174972]
[0.11981228]
Layer3 Input is CORRECT
Layer3 Weights is WRONG
[[ 4.96722374e-01 -1.38265551e-01  6.47688538e-01  1.52302386e+00
  -2.34154215e-01 -2.34136962e-01  1.57921282e+00  7.67434623e-01
  -4.69474407e-01  5.42560040e-01]
 [-4.63405989e-01 -4.65731533e-01  2.41962271e-01 -1.91328878e+00
  -1.72491903e+00 -5.62287536e-01 -1.01283112e+00  3.14247181e-01
  -9.08024106e-01 -1.41230371e+00]
 [ 1.46574504e+00 -2.25790937e-01  6.75282006e-02 -1.42481838e+00
  -5.44392564e-01  1.10922531e-01 -1.15099358e+00  3.75696771e-01
  -6.00638941e-01 -2.91693791e-01]
 [-6.01646504e-01  1.85226905e+00 -1.34972273e-02 -1.05775476e+00
   8.22538769e-01 -1.22084369e+00  2.08863595e-01 -1.95967090e+00
  -1.32818621e+00  1.96861210e-01]
 [ 7.38563725e-01  1.71353512e-01 -1.15648286e-01 -3.01174526e-01
  -1.47853192e+00 -7.19844267e-01 -4.60638772e-01  1.05712097e+00
   3.43618036e-01 -1.76304020e+00]
 [ 3.24083969e-01 -3.85082280e-01 -6.76922000e-01  6.11676289e-01
   1.03099952e+00  9.31280119e-01 -8.39217523e-01 -3.09212376e-01
   3.31263431e-01  9.75545127e-01]
 [-4.79170297e-01 -1.85659576e-01 -1.10633497e+00 -1.19620950e+00
   8.12525420e-01  1.35624003e+00 -7.20101216e-02  1.00353285e+00
   3.61636015e-01 -6.45119756e-01]
 [ 3.61493282e-01  1.53802172e+00 -3.58260432e-02  1.56457244e+00
  -2.61975509e+00  8.21902445e-01  8.70470675e-02 -2.99008616e-01
   9.17605219e-02 -1.98756896e+00]
 [-2.19607938e-01  3.57102849e-01  1.47789404e+00 -5.18316845e-01
  -8.08500139e-01 -5.01757082e-01  9.15402117e-01  3.28750281e-01
  -5.29760370e-01  5.13267406e-01]
 [ 9.71750521e-02  9.68630167e-01 -7.02053098e-01 -3.27733238e-01
  -3.92118118e-01 -1.46351501e+00  2.96120276e-01  2.61054008e-01
   5.11320246e-03 -2.34587175e-01]
 [-1.41527367e+00 -4.20660081e-01 -3.42714521e-01 -8.02348045e-01
  -1.61295632e-01  4.04050798e-01  1.88618590e+00  1.74576555e-01
   2.57550138e-01 -7.44459574e-02]
 [-1.91867458e+00 -2.65285663e-02  6.02302059e-02  2.46317166e+00
  -1.92370840e-01  3.01547284e-01 -3.47117704e-02 -1.16867929e+00
   1.14282256e+00  7.51932991e-01]
 [ 7.91125972e-01 -9.09401749e-01  1.40279431e+00 -1.40191962e+00
   5.86847485e-01  2.19045557e+00 -9.90536326e-01 -5.66298948e-01
   9.96511200e-02 -5.03475694e-01]
 [-1.55066343e+00  6.85629739e-02 -1.06230371e+00  4.73592426e-01
  -9.19424235e-01  1.54993441e+00 -7.83253292e-01 -3.22061516e-01
   8.13517217e-01 -1.23086432e+00]
 [ 2.27556176e-01  1.30712812e+00 -1.60748324e+00  1.84563687e-01
   2.59872958e-01  7.81822813e-01 -1.23695071e+00 -1.32045786e+00
   5.21941315e-01  2.96984632e-01]
 [ 2.50590522e-01  3.46433360e-01 -6.80024726e-01  2.32182483e-01
   2.93062491e-01 -7.14351477e-01  1.86577451e+00  4.73831655e-01
  -1.19130375e+00  6.56553567e-01]
 [-9.74585175e-01  7.87069934e-01  1.15859557e+00 -8.20752675e-01
   9.63366268e-01  4.12780868e-01  8.22060159e-01  1.89679173e+00
  -2.45388368e-01 -7.53736206e-01]
 [-8.89514012e-01 -8.15810349e-01 -7.71017094e-02  3.41151670e-01
   2.76690757e-01  8.27183249e-01  1.30018919e-02  1.45353407e+00
  -2.64656834e-01  2.72016917e+00]
 [ 6.25764948e-01 -8.57172395e-01 -1.07089250e+00  4.82401253e-01
  -2.23472760e-01  7.14000435e-01  4.73237624e-01 -7.28301776e-02
  -8.46793973e-01 -1.51484727e+00]
 [-4.46435023e-01  8.56386643e-01  2.14093741e-01 -1.24579706e+00
   1.73172757e-01  3.85317331e-01 -8.83857437e-01  1.53724070e-01
   5.82085101e-02 -1.14297033e+00]
 [ 3.57837729e-01  5.60776869e-01  1.08305124e+00  1.05376533e+00
  -1.37767452e+00 -9.37825070e-01  5.15035267e-01  5.13785298e-01
   5.15047555e-01  3.85273147e+00]
 [ 5.70893992e-01  1.13556511e+00  9.54001763e-01  6.51388713e-01
  -3.15269600e-01  7.58969218e-01 -7.72825215e-01 -2.36818652e-01
  -4.85363557e-01  8.18741379e-02]
 [ 2.31466498e+00 -1.86726617e+00  6.86260190e-01 -1.61272055e+00
  -4.71932521e-01  1.08895059e+00  6.42800190e-02 -1.07774486e+00
  -7.15303726e-01  6.79597746e-01]
 [-7.30276407e-01  2.16444873e-01  4.55718361e-02 -6.51666132e-01
   2.14393487e+00  6.33918968e-01 -2.02514259e+00  1.86453145e-01
  -6.61786700e-01  8.52433296e-01]
 [-7.92423179e-01 -1.14751273e-01  5.04987275e-01  8.65684062e-01
  -1.20030638e+00 -3.34501295e-01 -4.74945312e-01 -6.53330497e-01
   1.76545399e+00  4.04981669e-01]
 [-1.26088395e+00  9.17861946e-01  2.12215620e+00  1.03246526e+00
  -1.51936997e+00 -4.84234073e-01  1.26691115e+00 -7.07669466e-01
   4.43819428e-01  7.74634053e-01]
 [-9.26930201e-01 -5.95253972e-02 -3.24126734e+00 -1.02438784e+00
  -2.52568179e-01 -1.24778318e+00  1.63241130e+00 -1.43014138e+00
  -4.40044487e-01  1.30740577e-01]
 [ 1.44137097e+00 -1.43587700e+00  1.16316375e+00  1.01618394e-02
  -9.81518634e-01  4.62103415e-01  1.99059695e-01 -6.00218143e-01
   6.98018303e-02 -3.85313639e-01]
 [ 1.13530950e-01  6.62128606e-01  1.58601682e+00 -1.23782542e+00
   2.13303198e+00 -1.95208781e+00 -1.51785095e-01  5.88317030e-01
   2.80991832e-01 -6.22699526e-01]
 [-2.08046978e-01 -4.93012378e-01 -5.89364760e-01  8.49547215e-01
   3.57007793e-01 -6.92909641e-01  8.99599875e-01  3.07298545e-01
   8.12861923e-01  6.29628810e-01]
 [-8.28897788e-01 -5.60195821e-01  7.47293601e-01  6.10299378e-01
  -2.09115300e-02  1.17327324e-01  1.27766490e+00 -5.91572649e-01
   5.47097128e-01 -2.02192694e-01]
 [-2.17678721e-01  1.09877647e+00  8.25416349e-01  8.13507826e-01
   1.30547855e+00  2.10038401e-02  6.81952971e-01 -3.10266789e-01
   3.24166346e-01 -1.30143055e-01]
 [ 9.70936246e-02  5.95142178e-01 -8.18220687e-01  2.09231607e+00
  -1.00602736e+00 -1.21418867e+00  1.15811087e+00  7.91661428e-01
   6.24119562e-01  6.28345467e-01]
 [-1.21499076e-02 -8.97269098e-01  7.58045541e-02 -6.77232338e-01
   9.75109834e-01 -1.47057440e-01 -8.25497197e-01 -3.21387097e-01
   4.12931202e-01 -5.63724594e-01]
 [-8.22122729e-01  2.43672363e-01  2.44966567e-01 -5.07014386e-01
  -4.71048287e-01  2.32049878e-01 -1.44808434e+00 -1.40746504e+00
  -7.18444476e-01 -2.13447194e-01]
 [ 3.11005246e-01  1.47534137e+00  8.57659619e-01 -1.60009751e-01
  -1.90261908e-02 -1.00252942e+00 -1.85131367e-02 -2.88659905e-01
   3.22718306e-01 -8.27230985e-01]
 [ 5.19443842e-01  1.53272412e+00 -1.08760153e-01  4.01640759e-01
   6.90134045e-01 -4.01220531e-01  2.24092481e-01  1.25911393e-02
   9.76758448e-02 -7.73009826e-01]
 [ 2.45103584e-02  4.97998263e-01  1.45114361e+00  9.59270692e-01
   2.15318244e+00 -7.67347563e-01  8.72320637e-01  1.83342003e-01
   2.18980293e+00 -8.08298285e-01]
 [-8.39624163e-01 -5.99407496e-01 -2.12389573e+00 -5.25826242e-01
  -7.59142644e-01  1.50393727e-01  3.41755975e-01  1.87616957e+00
   9.50423584e-01 -5.76903698e-01]
 [-8.98342470e-01  4.91908195e-01 -1.32023321e+00  1.83140612e+00
   1.17943274e+00 -4.69175696e-01 -1.71313453e+00  1.35387144e+00
  -1.14540033e-01  1.23781628e+00]
 [-1.59442766e+00 -5.99375023e-01  5.24369972e-03  4.69805935e-02
  -4.50065472e-01  6.22849932e-01 -1.06762043e+00 -1.42379485e-01
   1.20295632e-01  5.14438834e-01]
 [ 7.11712364e-01 -1.12465691e+00 -1.53411417e+00  1.27760574e+00
   3.32304049e-01 -7.48486596e-01  1.55115197e+00  1.15673371e-01
   1.17929693e+00  6.75184396e-02]
 [ 2.06081975e+00  1.75532992e+00 -2.48964152e-01  9.71518583e-01
   6.45368609e-01  1.36863151e+00 -9.64923461e-01  6.86050529e-01
   1.05842430e+00 -1.75873952e+00]
 [-1.18325756e+00 -2.03923232e+00 -2.69406834e-01  7.17541558e-01
   1.50235695e+00  7.40947798e-02  1.62861555e+00 -1.38010147e+00
  -1.70338244e+00 -5.55476993e-02]
 [ 3.84107317e-01 -3.27011134e-02 -2.06744210e+00 -8.91505666e-02
  -1.30447378e+00  6.69672523e-01  3.66598246e-01 -9.39880329e-01
  -5.13867026e-01 -1.05921354e+00]
 [-6.26790972e-02  9.55142320e-01 -9.85726046e-01  5.04046515e-01
  -5.30257618e-01 -7.92872832e-01 -1.07030360e-01 -1.03524232e+00
  -5.53649305e-01 -1.19787789e+00]
 [ 1.96472513e+00  3.52635519e-02 -6.99725508e-01  2.13979910e-01
  -1.12328050e-01 -2.20969600e-01  6.14166700e-01  7.57507710e-01
  -5.30501148e-01 -5.75818241e-01]
 [-2.75051697e-01 -2.30192116e+00 -1.51519106e+00  1.36687427e+00
   1.64496771e+00 -2.49036040e-01  5.76556963e-01  3.11250155e-01
   3.07888081e+00  1.11957491e+00]
 [-1.27823123e-01 -9.55554803e-01 -1.60644632e+00  2.03394757e-01
  -7.56360400e-01 -1.42225377e+00 -6.46572885e-01 -1.08154923e+00
   1.68714139e+00  8.81639716e-01]
 [-7.87496930e-03  1.47992929e+00  7.73683035e-02 -8.61355416e-01
   1.52311410e+00  5.38909984e-01 -1.03724616e+00 -1.90339944e-01
  -8.75618508e-01 -1.38279977e+00]
 [ 9.26246890e-01  1.90940610e+00 -1.39856758e+00  5.62918678e-01
  -6.50649656e-01 -4.87125426e-01 -5.92393925e-01 -8.63991668e-01
   4.85214472e-02 -8.30950146e-01]
 [ 2.70554484e-01 -5.02529565e-02 -2.38948051e-01 -9.07634867e-01
  -5.76781311e-01  7.55391167e-01  5.00917187e-01 -9.77556511e-01
   9.93320508e-02  7.51387082e-01]
 [-1.66940167e+00  5.43359644e-01 -6.62623759e-01  5.70596038e-01
  -7.63259525e-01 -1.80488210e+00 -1.62754244e+00  4.80848999e-02
   2.59722492e-01 -9.04316627e-01]
 [ 6.38672135e-01 -1.66153218e+00 -6.60798020e-02 -1.21107429e+00
  -6.51844251e-01  4.73986230e-02 -8.60413366e-01 -3.84556577e-01
   1.00629260e+00 -5.76891904e-01]
 [ 8.35692131e-01 -1.12970686e+00  5.29804178e-01  1.44156861e+00
  -2.47164450e+00 -7.96895255e-01  5.77072127e-01 -2.03045386e-01
   3.71145873e-01 -6.03985187e-01]
 [ 8.66555512e-02 -1.55687233e-01  1.16778206e+00  2.54372894e-01
   3.37595941e-01 -4.11877006e-01 -4.87606225e-01 -4.32559040e-01
   3.94451971e-01 -4.20984509e-01]
 [ 2.89866314e-01  2.07538689e+00  8.71124700e-01 -3.26090215e-01
   1.20120458e+00 -4.08075429e-01 -2.03812454e+00 -1.00808750e+00
  -1.87079216e+00 -3.51513523e-01]
 [ 1.85103593e-02  1.67642333e+00  3.26927370e-01 -2.19167593e-01
   8.29396181e-01 -2.21113536e+00  2.35614557e-01  7.70864002e-01
  -1.47858649e+00  1.14375400e+00]
 [ 3.38557234e-01 -4.15297161e-01  6.32781864e-01  2.27064851e+00
   1.81860039e-01  2.48220549e-01 -4.59360900e-01 -8.49845158e-01
   8.30335658e-01 -8.56083852e-01]
 [ 7.16638856e-02 -4.77672292e-01  4.78979822e-01  3.33590908e-01
   1.03752996e+00 -5.10016458e-01 -2.69874936e-01 -9.78764981e-01
  -4.44293515e-01  3.77300451e-01]
 [ 7.57083430e-01 -9.22179739e-01  8.69605916e-01  1.35556873e+00
   4.13425213e-01  1.87679576e+00 -7.73789200e-01 -1.24465593e+00
  -1.77872050e+00  1.49604427e+00]
 [ 6.54463252e-01 -5.55995084e-02  2.79968622e-01 -1.12556021e+00
   2.44574201e+00  1.29221123e-01  1.09394794e-01  7.25765359e-01
   4.81008977e-01  2.23883982e-01]
 [-7.90474452e-01  4.71468357e-01  1.88202450e+00  1.34542004e+00
   1.59318663e+00 -5.11215676e-01 -9.89604820e-01 -1.25786920e-01
   5.57249123e-02  1.09419152e+00]
 [-1.69246462e+00  1.52955032e+00 -1.58007899e-01 -4.26881074e-01
  -1.01210438e+00 -1.65485667e+00  8.23170584e-01  7.33179671e-02
  -1.28996090e+00 -1.29507877e+00]
 [-3.35687539e-01  1.66900675e+00 -2.59591355e-01 -1.50321379e+00
  -2.45752994e-01 -2.72723629e-01 -2.69688664e+00 -5.42961258e-02
  -2.30934784e-01  6.96206323e-01]
 [ 1.84896839e+00  1.12656316e+00 -2.68888691e-01 -1.10653487e+00
   2.57335855e+00  5.92184266e-02  1.39292918e-02 -2.41252465e-02
   1.98084729e-01 -1.44360417e-01]
 [-5.73564325e-01 -5.46873792e-01 -3.27532743e-02 -5.43495993e-01
  -7.12855766e-01  1.06430168e-01 -2.54977218e-01  1.50399172e+00
  -2.65097006e+00  1.09150681e+00]
 [ 1.24608540e+00 -2.07339026e+00 -3.42687594e-01 -3.71441017e-01
  -1.40751172e+00 -7.77816688e-01 -1.11057585e+00  1.75227044e+00
   9.35678393e-01  1.27155509e+00]
 [ 7.21717400e-01 -1.12905866e+00 -5.24520268e-01  4.89341506e-01
  -1.22213244e+00  7.12998403e-01 -2.40325398e-01 -3.74821395e-01
   7.10959850e-01  4.44263292e-01]
 [-3.60868484e-01  1.15931495e+00 -1.08106333e+00  6.15864385e-01
   5.93091275e-01 -3.09546499e-01  3.26133022e-01 -1.25111484e+00
   9.24026765e-01 -1.84902178e-01]
 [-5.22722072e-01  1.04900908e+00 -7.04343691e-01 -1.40846199e+00
  -1.55662927e+00  6.06009951e-01 -1.28042935e+00  1.75479417e+00
  -2.08192941e+00  1.69645637e+00]
 [ 2.11114764e-01 -9.67279040e-02 -5.44919091e-01  3.99065173e-01
  -3.76446461e-02  1.10330182e+00  1.14227648e-01  1.50300500e-01
  -3.63612466e-01 -5.69456654e-02]
 [ 3.07801770e-01 -1.71016839e+00 -1.34818542e+00  7.43264093e-01
   1.70865438e-01 -1.83983336e-01  1.84339331e-02  3.47581705e-01
  -5.39759680e-01 -7.78304725e-01]
 [ 1.95846414e-01 -9.78372954e-01  4.08252756e-01 -1.70258445e+00
   1.02915552e+00  4.72597482e-01  2.56029734e-01  9.82690969e-01
   1.66547444e+00  1.01437006e+00]
 [-1.84086639e+00 -1.27957816e+00 -6.24818578e-01  2.60853361e-02
   5.17658220e-01 -7.25743818e-01  1.86766764e-01 -7.55383034e-01
  -6.11517823e-01 -1.40666110e+00]
 [-9.23135759e-01 -1.35169943e+00 -9.75873257e-01  1.05357072e+00
  -9.49408852e-01  2.63238201e+00  4.93317900e-01  1.84834860e-01
  -8.58358034e-01  7.00309838e-01]
 [-5.75545232e-01  1.21995738e-01  2.56008453e+00 -9.61274116e-02
   1.14926386e+00 -7.03176481e-01 -3.49884912e-02  1.77079944e+00
  -6.26967299e-01  1.81244852e+00]
 [ 7.07776266e-01 -5.62470475e-01  6.32407738e-01  9.72536710e-01
   6.21807476e-01 -1.57022473e+00 -7.27137176e-01 -2.47518951e-01
  -7.44334925e-02  6.20672087e-01]
 [ 1.77773886e-01 -1.33535544e+00  3.80197848e-01  6.10532603e-01
   5.59782999e-01  1.08078068e+00  8.33922154e-01  4.59179135e-01
  -7.01659015e-02 -1.66096096e+00]
 [ 4.29618229e-01  2.07687686e-01  2.71578837e-01 -1.27674858e+00
  -1.08105654e+00  1.05315285e+00 -3.95551539e-02  6.81500697e-01
   2.83183761e-02  2.97561395e-02]
 [ 9.38286816e-01 -5.16045186e-01  9.61207768e-02 -4.62277484e-01
  -4.34496535e-01 -3.09172125e-01  2.22133772e-01 -4.78748661e-01
   1.25575612e+00 -8.94607304e-01]
 [-1.86777377e-01 -4.39745390e-01  1.44697788e+00  1.96486045e-01
   1.03183491e+00 -1.48556043e+00  2.67050265e-01  8.89629574e-01
   8.22837435e-02  1.06548033e+00]
 [-5.17288386e-01  1.40934743e+00  2.29889812e+00 -3.62838607e-01
  -4.45502528e-01  1.45338448e+00  1.57957215e+00 -5.22860028e-01
  -4.20186817e-01 -2.81784609e-01]
 [-1.34441819e+00 -9.18656860e-01 -1.00414077e+00 -7.67821128e-01
  -3.46881902e-02  2.34214713e-01  1.55050049e+00 -9.98354460e-01
   9.84322314e-01 -2.13988858e-01]
 [-4.94629819e-02  6.74819382e-01 -1.12272202e+00  3.82409216e-01
   1.66452134e-01  4.92451264e-01  2.89168644e-01  2.45530013e+00
  -6.37739986e-01 -5.30996955e-01]
 [-6.23093429e-01 -5.55484279e-01 -6.37387129e-01  1.18898219e+00
   1.42049943e+00 -5.70746322e-01 -8.32355573e-01  4.71414946e-01
  -5.52223167e-01  6.32931798e-01]
 [ 2.02925483e-01 -1.51574449e+00  1.54750520e+00  1.79587588e+00
  -6.12788942e-01 -3.87701561e-01  2.85865391e-01  3.34456758e-01
   6.58544266e-01  2.01020454e+00]
 [-1.76945921e-01 -7.98297443e-01 -1.37931923e+00 -7.30930993e-01
  -3.31271064e-02  1.79455786e+00 -5.17611299e-01  2.23787935e-01
  -1.64228995e-02  1.18839327e+00]
 [ 2.52693288e+00 -5.30868842e-01 -4.89439443e-01  1.04416055e+00
   6.81891443e-01  1.84670733e+00  5.83928185e-01 -3.59292097e-01
   5.90654830e-01  1.10870358e+00]
 [ 8.20565866e-01  5.07261308e-01  1.06667469e+00  1.16923457e+00
   1.38215044e+00  6.48709837e-01 -1.67118081e-01  1.46712602e-01
   1.20650875e+00 -8.16935707e-01]
 [ 3.68729862e-01 -3.93347410e-01  2.87448205e-02  1.27841063e+00
   1.91093288e-01  4.64365138e-02 -1.35985614e+00  7.46252833e-01
   6.45484034e-01  2.16325470e+00]
 [-3.07763803e-01  2.19148134e-01  2.49383683e-01  1.57744276e+00
  -9.52970073e-02  2.79021517e-01  6.07896510e-01  1.86608936e-01
  -4.46433652e-01  1.94089987e-01]
 [ 1.07372940e+00 -1.02653015e+00  1.32969670e-01 -7.00192015e-01
   1.19503665e+00 -1.52318696e+00 -5.58921848e-01  3.77210609e-01
   1.56552377e+00 -6.57503029e-02]
 [-5.55198684e-01  1.88115694e+00 -1.44801390e+00 -2.19880657e+00
   4.40014364e-01 -5.02054225e-01 -1.02123282e+00  7.08356436e-01
   2.43800712e-01 -5.64078631e-01]
 [-1.28030440e+00  8.72457328e-01  6.50201178e-01 -9.91758646e-02
   1.84663700e+00 -1.07008477e+00 -1.52552517e+00 -6.91908070e-01
  -4.55860164e-02  2.43339449e-01]
 [-2.41138376e-01  3.52040546e-01 -1.25153943e+00  1.44369338e+00
  -8.21611614e-02  1.11729577e+00  3.42725346e-01  4.56751953e-01
   5.69767026e-01  4.47708518e-01]
 [ 6.42820440e-01  1.32913768e+00  1.96521166e-01  7.08932537e-01
  -8.97456771e-02  1.44011716e+00 -6.76392303e-01  1.80093917e+00
  -4.01582053e-02 -1.43077514e+00]
 [ 1.28104424e-01 -6.81051659e-01  8.40643549e-01 -6.52623986e-01
  -4.46183434e-01 -1.88954073e+00 -4.52306319e-01 -2.42387933e+00
  -1.58390282e+00  7.60414656e-01]
 [ 7.85887565e-01  4.25444273e-01 -9.66976147e-01 -4.77750859e-02
  -3.61147195e-03 -1.15836474e+00  1.50339830e+00  8.77361158e-01
  -2.20964402e-01  2.68858015e-02]
 [ 2.08480490e-01 -2.04174972e+00 -2.47177387e-01 -6.82055470e-01
  -1.00162999e+00 -2.81100352e-01  1.79768653e+00  6.40841595e-01
  -5.71179244e-01  5.72582739e-01]]
[[ 4.96714153e-01 -1.38264301e-01  6.47688538e-01  1.52302986e+00
  -2.34153375e-01 -2.34136957e-01  1.57921282e+00  7.67434729e-01
  -4.69474386e-01  5.42560044e-01]
 [-4.63417693e-01 -4.65729754e-01  2.41962272e-01 -1.91328024e+00
  -1.72491783e+00 -5.62287529e-01 -1.01283112e+00  3.14247333e-01
  -9.08024076e-01 -1.41230370e+00]
 [ 1.46564877e+00 -2.25776300e-01  6.75282047e-02 -1.42474819e+00
  -5.44382725e-01  1.10922590e-01 -1.15099358e+00  3.75698018e-01
  -6.00638690e-01 -2.91693750e-01]
 [-6.01706612e-01  1.85227818e+00 -1.34972247e-02 -1.05771093e+00
   8.22544912e-01 -1.22084365e+00  2.08863595e-01 -1.95967012e+00
  -1.32818605e+00  1.96861236e-01]
 [ 7.38466580e-01  1.71368281e-01 -1.15648282e-01 -3.01103696e-01
  -1.47852199e+00 -7.19844208e-01 -4.60638771e-01  1.05712223e+00
   3.43618290e-01 -1.76304016e+00]
 [ 3.24083969e-01 -3.85082280e-01 -6.76922000e-01  6.11676289e-01
   1.03099952e+00  9.31280119e-01 -8.39217523e-01 -3.09212376e-01
   3.31263431e-01  9.75545127e-01]
 [-4.79174238e-01 -1.85658977e-01 -1.10633497e+00 -1.19620662e+00
   8.12525822e-01  1.35624003e+00 -7.20101216e-02  1.00353290e+00
   3.61636025e-01 -6.45119755e-01]
 [ 3.61395606e-01  1.53803657e+00 -3.58260391e-02  1.56464366e+00
  -2.61974510e+00  8.21902504e-01  8.70470682e-02 -2.99007350e-01
   9.17607765e-02 -1.98756891e+00]
 [-2.19671888e-01  3.57112572e-01  1.47789404e+00 -5.18270218e-01
  -8.08493603e-01 -5.01757044e-01  9.15402118e-01  3.28751110e-01
  -5.29760204e-01  5.13267433e-01]
 [ 9.70775493e-02  9.68644991e-01 -7.02053094e-01 -3.27662147e-01
  -3.92108153e-01 -1.46351495e+00  2.96120277e-01  2.61055272e-01
   5.11345664e-03 -2.34587133e-01]
 [-1.41537074e+00 -4.20645323e-01 -3.42714517e-01 -8.02277269e-01
  -1.61285712e-01  4.04050857e-01  1.88618590e+00  1.74577813e-01
   2.57550391e-01 -7.44459158e-02]
 [-1.91877122e+00 -2.65138754e-02  6.02302099e-02  2.46324211e+00
  -1.92360965e-01  3.01547342e-01 -3.47117697e-02 -1.16867804e+00
   1.14282281e+00  7.51933033e-01]
 [ 7.91031947e-01 -9.09387455e-01  1.40279431e+00 -1.40185106e+00
   5.86857094e-01  2.19045563e+00 -9.90536325e-01 -5.66297730e-01
   9.96513651e-02 -5.03475654e-01]
 [-1.55066343e+00  6.85629748e-02 -1.06230371e+00  4.73592431e-01
  -9.19424234e-01  1.54993441e+00 -7.83253292e-01 -3.22061516e-01
   8.13517217e-01 -1.23086432e+00]
 [ 2.27459935e-01  1.30714275e+00 -1.60748323e+00  1.84633859e-01
   2.59882794e-01  7.81822872e-01 -1.23695071e+00 -1.32045661e+00
   5.21941566e-01  2.96984673e-01]
 [ 2.50492850e-01  3.46448209e-01 -6.80024722e-01  2.32253697e-01
   2.93072473e-01 -7.14351418e-01  1.86577451e+00  4.73832921e-01
  -1.19130350e+00  6.56553609e-01]
 [-9.74681670e-01  7.87084604e-01  1.15859558e+00 -8.20682318e-01
   9.63376129e-01  4.12780927e-01  8.22060160e-01  1.89679298e+00
  -2.45388116e-01 -7.53736164e-01]
 [-8.89514430e-01 -8.15810285e-01 -7.71017094e-02  3.41151975e-01
   2.76690799e-01  8.27183249e-01  1.30018919e-02  1.45353408e+00
  -2.64656833e-01  2.72016917e+00]
 [ 6.25667348e-01 -8.57157556e-01 -1.07089250e+00  4.82472415e-01
  -2.23462785e-01  7.14000494e-01  4.73237625e-01 -7.28289127e-02
  -8.46793718e-01 -1.51484722e+00]
 [-4.46514952e-01  8.56398794e-01  2.14093744e-01 -1.24573878e+00
   1.73180926e-01  3.85317380e-01 -8.83857436e-01  1.53725106e-01
   5.82087184e-02 -1.14297030e+00]
 [ 3.57787360e-01  5.60784526e-01  1.08305124e+00  1.05380205e+00
  -1.37766937e+00 -9.37825040e-01  5.15035267e-01  5.13785951e-01
   5.15047686e-01  3.85273149e+00]
 [ 5.70890511e-01  1.13556564e+00  9.54001763e-01  6.51391251e-01
  -3.15269245e-01  7.58969220e-01 -7.72825215e-01 -2.36818607e-01
  -4.85363548e-01  8.18741394e-02]
 [ 2.31465857e+00 -1.86726519e+00  6.86260190e-01 -1.61271587e+00
  -4.71931866e-01  1.08895060e+00  6.42800191e-02 -1.07774478e+00
  -7.15303709e-01  6.79597749e-01]
 [-7.30366632e-01  2.16458590e-01  4.55718399e-02 -6.51600348e-01
   2.14394409e+00  6.33919022e-01 -2.02514259e+00  1.86454315e-01
  -6.61786465e-01  8.52433335e-01]
 [-7.92520738e-01 -1.14736441e-01  5.04987279e-01  8.65755194e-01
  -1.20029641e+00 -3.34501236e-01 -4.74945311e-01 -6.53329233e-01
   1.76545424e+00  4.04981711e-01]
 [-1.26088395e+00  9.17861947e-01  2.12215620e+00  1.03246526e+00
  -1.51936997e+00 -4.84234073e-01  1.26691115e+00 -7.07669466e-01
   4.43819428e-01  7.74634053e-01]
 [-9.26930472e-01 -5.95253561e-02 -3.24126734e+00 -1.02438764e+00
  -2.52568151e-01 -1.24778318e+00  1.63241130e+00 -1.43014138e+00
  -4.40044487e-01  1.30740577e-01]
 [ 1.44127329e+00 -1.43586215e+00  1.16316375e+00  1.02330610e-02
  -9.81508651e-01  4.62103474e-01  1.99059696e-01 -6.00216877e-01
   6.98020850e-02 -3.85313597e-01]
 [ 1.13517345e-01  6.62130675e-01  1.58601682e+00 -1.23781550e+00
   2.13303337e+00 -1.95208780e+00 -1.51785095e-01  5.88317206e-01
   2.80991868e-01 -6.22699520e-01]
 [-2.08122250e-01 -4.93000935e-01 -5.89364757e-01  8.49602097e-01
   3.57015486e-01 -6.92909595e-01  8.99599875e-01  3.07299521e-01
   8.12862119e-01  6.29628842e-01]
 [-8.28995011e-01 -5.60181040e-01  7.47293605e-01  6.10370265e-01
  -2.09015940e-02  1.17327383e-01  1.27766490e+00 -5.91571389e-01
   5.47097381e-01 -2.02192652e-01]
 [-2.17681203e-01  1.09877685e+00  8.25416349e-01  8.13509636e-01
   1.30547881e+00  2.10038416e-02  6.81952971e-01 -3.10266757e-01
   3.24166352e-01 -1.30143054e-01]
 [ 9.69959650e-02  5.95157025e-01 -8.18220683e-01  2.09238728e+00
  -1.00601738e+00 -1.21418861e+00  1.15811087e+00  7.91662694e-01
   6.24119817e-01  6.28345509e-01]
 [-1.22467728e-02 -8.97254371e-01  7.58045582e-02 -6.77161712e-01
   9.75119733e-01 -1.47057382e-01 -8.25497197e-01 -3.21385842e-01
   4.12931454e-01 -5.63724553e-01]
 [-8.22220396e-01  2.43687211e-01  2.44966571e-01 -5.06943175e-01
  -4.71038306e-01  2.32049937e-01 -1.44808434e+00 -1.40746377e+00
  -7.18444221e-01 -2.13447152e-01]
 [ 3.10907566e-01  1.47535622e+00  8.57659623e-01 -1.59938530e-01
  -1.90162079e-02 -1.00252936e+00 -1.85131360e-02 -2.88658639e-01
   3.22718560e-01 -8.27230944e-01]
 [ 5.19346514e-01  1.53273891e+00 -1.08760148e-01  4.01711722e-01
   6.90143992e-01 -4.01220472e-01  2.24092482e-01  1.25924008e-02
   9.76760985e-02 -7.73009784e-01]
 [ 2.45101743e-02  4.97998291e-01  1.45114361e+00  9.59270826e-01
   2.15318246e+00 -7.67347563e-01  8.72320637e-01  1.83342006e-01
   2.18980293e+00 -8.08298285e-01]
 [-8.39721842e-01 -5.99392645e-01 -2.12389572e+00 -5.25755022e-01
  -7.59132662e-01  1.50393786e-01  3.41755976e-01  1.87617084e+00
   9.50423838e-01 -5.76903656e-01]
 [-8.98414671e-01  4.91919172e-01 -1.32023321e+00  1.83145877e+00
   1.17944012e+00 -4.69175652e-01 -1.71313453e+00  1.35387237e+00
  -1.14539845e-01  1.23781631e+00]
 [-1.59442766e+00 -5.99375023e-01  5.24369972e-03  4.69805938e-02
  -4.50065471e-01  6.22849932e-01 -1.06762043e+00 -1.42379485e-01
   1.20295632e-01  5.14438834e-01]
 [ 7.11614878e-01 -1.12464209e+00 -1.53411417e+00  1.27767682e+00
   3.32314012e-01 -7.48486537e-01  1.55115198e+00  1.15674634e-01
   1.17929718e+00  6.75184814e-02]
 [ 2.06074792e+00  1.75534084e+00 -2.48964148e-01  9.71570951e-01
   6.45375950e-01  1.36863156e+00 -9.64923461e-01  6.86051460e-01
   1.05842449e+00 -1.75873949e+00]
 [-1.18325851e+00 -2.03923218e+00 -2.69406834e-01  7.17542256e-01
   1.50235705e+00  7.40947804e-02  1.62861555e+00 -1.38010146e+00
  -1.70338244e+00 -5.55476989e-02]
 [ 3.84065449e-01 -3.26947481e-02 -2.06744210e+00 -8.91200395e-02
  -1.30446950e+00  6.69672549e-01  3.66598246e-01 -9.39879786e-01
  -5.13866917e-01 -1.05921352e+00]
 [-6.26790973e-02  9.55142321e-01 -9.85726046e-01  5.04046516e-01
  -5.30257618e-01 -7.92872832e-01 -1.07030360e-01 -1.03524232e+00
  -5.53649305e-01 -1.19787789e+00]
 [ 1.96472513e+00  3.52635520e-02 -6.99725508e-01  2.13979911e-01
  -1.12328050e-01 -2.20969600e-01  6.14166700e-01  7.57507710e-01
  -5.30501148e-01 -5.75818241e-01]
 [-2.75051697e-01 -2.30192116e+00 -1.51519106e+00  1.36687427e+00
   1.64496771e+00 -2.49036040e-01  5.76556963e-01  3.11250155e-01
   3.07888081e+00  1.11957491e+00]
 [-1.27917591e-01 -9.55540441e-01 -1.60644632e+00  2.03463636e-01
  -7.56350745e-01 -1.42225371e+00 -6.46572884e-01 -1.08154800e+00
   1.68714164e+00  8.81639757e-01]
 [-7.97264132e-03  1.47994414e+00  7.73683076e-02 -8.61284201e-01
   1.52312408e+00  5.38910044e-01 -1.03724615e+00 -1.90338678e-01
  -8.75618253e-01 -1.38279973e+00]
 [ 9.26177548e-01  1.90941664e+00 -1.39856757e+00  5.62969237e-01
  -6.50642569e-01 -4.87125384e-01 -5.92393924e-01 -8.63990770e-01
   4.85216279e-02 -8.30950116e-01]
 [ 2.70456826e-01 -5.02381094e-02 -2.38948047e-01 -9.07563662e-01
  -5.76771331e-01  7.55391226e-01  5.00917188e-01 -9.77555245e-01
   9.93323054e-02  7.51387123e-01]
 [-1.66940528e+00  5.43360192e-01 -6.62623759e-01  5.70598669e-01
  -7.63259157e-01 -1.80488210e+00 -1.62754244e+00  4.80849467e-02
   2.59722502e-01 -9.04316625e-01]
 [ 6.38592459e-01 -1.66152006e+00 -6.60797986e-02 -1.21101620e+00
  -6.51836108e-01  4.73986713e-02 -8.60413365e-01 -3.84555544e-01
   1.00629281e+00 -5.76891870e-01]
 [ 8.35692112e-01 -1.12970685e+00  5.29804178e-01  1.44156862e+00
  -2.47164450e+00 -7.96895255e-01  5.77072127e-01 -2.03045386e-01
   3.71145873e-01 -6.03985187e-01]
 [ 8.65897875e-02 -1.55677235e-01  1.16778206e+00  2.54420843e-01
   3.37602662e-01 -4.11876966e-01 -4.87606224e-01 -4.32558188e-01
   3.94452142e-01 -4.20984481e-01]
 [ 2.89774857e-01  2.07540080e+00  8.71124703e-01 -3.26023532e-01
   1.20121392e+00 -4.08075373e-01 -2.03812454e+00 -1.00808631e+00
  -1.87079192e+00 -3.51513484e-01]
 [ 1.84183792e-02  1.67643731e+00  3.26927374e-01 -2.19100529e-01
   8.29405581e-01 -2.21113531e+00  2.35614558e-01  7.70865194e-01
  -1.47858625e+00  1.14375404e+00]
 [ 3.38496407e-01 -4.15287914e-01  6.32781866e-01  2.27069286e+00
   1.81866255e-01  2.48220586e-01 -4.59360900e-01 -8.49844369e-01
   8.30335817e-01 -8.56083826e-01]
 [ 7.15662372e-02 -4.77657447e-01  4.78979826e-01  3.33662105e-01
   1.03753994e+00 -5.10016399e-01 -2.69874935e-01 -9.78763716e-01
  -4.44293260e-01  3.77300493e-01]
 [ 7.56988617e-01 -9.22165324e-01  8.69605920e-01  1.35563786e+00
   4.13434903e-01  1.87679581e+00 -7.73789199e-01 -1.24465470e+00
  -1.77872025e+00  1.49604431e+00]
 [ 6.54365656e-01 -5.55846709e-02  2.79968626e-01 -1.12548905e+00
   2.44575198e+00  1.29221182e-01  1.09394795e-01  7.25766624e-01
   4.81009232e-01  2.23884024e-01]
 [-7.90474455e-01  4.71468357e-01  1.88202450e+00  1.34542005e+00
   1.59318663e+00 -5.11215676e-01 -9.89604820e-01 -1.25786920e-01
   5.57249123e-02  1.09419152e+00]
 [-1.69246463e+00  1.52955032e+00 -1.58007899e-01 -4.26881070e-01
  -1.01210438e+00 -1.65485667e+00  8.23170584e-01  7.33179672e-02
  -1.28996090e+00 -1.29507877e+00]
 [-3.35784699e-01  1.66902153e+00 -2.59591351e-01 -1.50314295e+00
  -2.45743064e-01 -2.72723570e-01 -2.69688664e+00 -5.42948665e-02
  -2.30934530e-01  6.96206365e-01]
 [ 1.84895609e+00  1.12656503e+00 -2.68888691e-01 -1.10652591e+00
   2.57335980e+00  5.92184340e-02  1.39292919e-02 -2.41250871e-02
   1.98084761e-01 -1.44360412e-01]
 [-5.73662007e-01 -5.46858941e-01 -3.27532702e-02 -5.43424771e-01
  -7.12845783e-01  1.06430228e-01 -2.54977217e-01  1.50399299e+00
  -2.65096981e+00  1.09150685e+00]
 [ 1.24608519e+00 -2.07339023e+00 -3.42687594e-01 -3.71440866e-01
  -1.40751169e+00 -7.77816688e-01 -1.11057585e+00  1.75227044e+00
   9.35678393e-01  1.27155509e+00]
 [ 7.21672064e-01 -1.12905177e+00 -5.24520266e-01  4.89374561e-01
  -1.22212781e+00  7.12998430e-01 -2.40325398e-01 -3.74820808e-01
   7.10959968e-01  4.44263311e-01]
 [-3.60966166e-01  1.15932980e+00 -1.08106333e+00  6.15935607e-01
   5.93101258e-01 -3.09546439e-01  3.26133022e-01 -1.25111358e+00
   9.24027019e-01 -1.84902136e-01]
 [-5.22723021e-01  1.04900923e+00 -7.04343691e-01 -1.40846130e+00
  -1.55662917e+00  6.06009951e-01 -1.28042935e+00  1.75479418e+00
  -2.08192941e+00  1.69645637e+00]
 [ 2.11017467e-01 -9.67131119e-02 -5.44919087e-01  3.99136114e-01
  -3.76347024e-02  1.10330188e+00  1.14227649e-01  1.50301761e-01
  -3.63612212e-01 -5.69456237e-02]
 [ 3.07801769e-01 -1.71016839e+00 -1.34818542e+00  7.43264094e-01
   1.70865438e-01 -1.83983336e-01  1.84339331e-02  3.47581705e-01
  -5.39759680e-01 -7.78304725e-01]
 [ 1.95845255e-01 -9.78372778e-01  4.08252756e-01 -1.70258360e+00
   1.02915564e+00  4.72597482e-01  2.56029734e-01  9.82690984e-01
   1.66547444e+00  1.01437007e+00]
 [-1.84087423e+00 -1.27957697e+00 -6.24818578e-01  2.60910502e-02
   5.17659020e-01 -7.25743813e-01  1.86766764e-01 -7.55382932e-01
  -6.11517803e-01 -1.40666110e+00]
 [-9.23233246e-01 -1.35168461e+00 -9.75873253e-01  1.05364180e+00
  -9.49398889e-01  2.63238206e+00  4.93317901e-01  1.84836124e-01
  -8.58357780e-01  7.00309879e-01]
 [-5.75637826e-01  1.22009815e-01  2.56008454e+00 -9.60598997e-02
   1.14927333e+00 -7.03176425e-01 -3.49884905e-02  1.77080064e+00
  -6.26967058e-01  1.81244856e+00]
 [ 7.07751935e-01 -5.62466776e-01  6.32407739e-01  9.72554450e-01
   6.21809962e-01 -1.57022472e+00 -7.27137176e-01 -2.47518636e-01
  -7.44334291e-02  6.20672098e-01]
 [ 1.77701001e-01 -1.33534436e+00  3.80197851e-01  6.10585745e-01
   5.59790448e-01  1.08078073e+00  8.33922155e-01  4.59180079e-01
  -7.01657115e-02 -1.66096093e+00]
 [ 4.29618219e-01  2.07687687e-01  2.71578837e-01 -1.27674858e+00
  -1.08105654e+00  1.05315285e+00 -3.95551539e-02  6.81500697e-01
   2.83183761e-02  2.97561395e-02]
 [ 9.38283806e-01 -5.16044728e-01  9.61207769e-02 -4.62275289e-01
  -4.34496227e-01 -3.09172123e-01  2.22133772e-01 -4.78748622e-01
   1.25575613e+00 -8.94607302e-01]
 [-1.86871644e-01 -4.39731058e-01  1.44697788e+00  1.96554777e-01
   1.03184454e+00 -1.48556037e+00  2.67050266e-01  8.89630796e-01
   8.22839893e-02  1.06548038e+00]
 [-5.17288450e-01  1.40934744e+00  2.29889812e+00 -3.62838560e-01
  -4.45502521e-01  1.45338448e+00  1.57957215e+00 -5.22860027e-01
  -4.20186817e-01 -2.81784609e-01]
 [-1.34445051e+00 -9.18651946e-01 -1.00414077e+00 -7.67797565e-01
  -3.46848874e-02  2.34214733e-01  1.55050049e+00 -9.98354041e-01
   9.84322398e-01 -2.13988844e-01]
 [-4.94637097e-02  6.74819492e-01 -1.12272202e+00  3.82409746e-01
   1.66452208e-01  4.92451264e-01  2.89168644e-01  2.45530014e+00
  -6.37739984e-01 -5.30996955e-01]
 [-6.23140526e-01 -5.55477119e-01 -6.37387127e-01  1.18901653e+00
   1.42050425e+00 -5.70746294e-01 -8.32355573e-01  4.71415556e-01
  -5.52223044e-01  6.32931818e-01]
 [ 2.02923021e-01 -1.51574411e+00  1.54750520e+00  1.79587767e+00
  -6.12788690e-01 -3.87701560e-01  2.85865391e-01  3.34456790e-01
   6.58544273e-01  2.01020454e+00]
 [-1.76947227e-01 -7.98297245e-01 -1.37931923e+00 -7.30930040e-01
  -3.31269729e-02  1.79455786e+00 -5.17611299e-01  2.23787952e-01
  -1.64228961e-02  1.18839327e+00]
 [ 2.52693243e+00 -5.30868773e-01 -4.89439443e-01  1.04416088e+00
   6.81891490e-01  1.84670733e+00  5.83928185e-01 -3.59292091e-01
   5.90654831e-01  1.10870358e+00]
 [ 8.20482181e-01  5.07274031e-01  1.06667469e+00  1.16929559e+00
   1.38215899e+00  6.48709888e-01 -1.67118080e-01  1.46713686e-01
   1.20650897e+00 -8.16935671e-01]
 [ 3.68673309e-01 -3.93338812e-01  2.87448229e-02  1.27845186e+00
   1.91099068e-01  4.64365482e-02 -1.35985614e+00  7.46253566e-01
   6.45484181e-01  2.16325472e+00]
 [-3.07778235e-01  2.19150328e-01  2.49383684e-01  1.57745328e+00
  -9.52955324e-02  2.79021526e-01  6.07896510e-01  1.86609123e-01
  -4.46433615e-01  1.94089993e-01]
 [ 1.07363175e+00 -1.02651530e+00  1.32969674e-01 -7.00120815e-01
   1.19504663e+00 -1.52318690e+00 -5.58921847e-01  3.77211875e-01
   1.56552403e+00 -6.57502611e-02]
 [-5.55199527e-01  1.88115707e+00 -1.44801390e+00 -2.19880596e+00
   4.40014450e-01 -5.02054224e-01 -1.02123282e+00  7.08356447e-01
   2.43800714e-01 -5.64078631e-01]
 [-1.28030440e+00  8.72457328e-01  6.50201178e-01 -9.91758638e-02
   1.84663700e+00 -1.07008477e+00 -1.52552517e+00 -6.91908070e-01
  -4.55860164e-02  2.43339449e-01]
 [-2.41236058e-01  3.52055397e-01 -1.25153942e+00  1.44376460e+00
  -8.21511784e-02  1.11729583e+00  3.42725346e-01  4.56753219e-01
   5.69767280e-01  4.47708560e-01]
 [ 6.42722760e-01  1.32915253e+00  1.96521170e-01  7.09003758e-01
  -8.97356943e-02  1.44011722e+00 -6.76392302e-01  1.80094043e+00
  -4.01579506e-02 -1.43077510e+00]
 [ 1.28104415e-01 -6.81051657e-01  8.40643549e-01 -6.52623979e-01
  -4.46183433e-01 -1.88954073e+00 -4.52306319e-01 -2.42387933e+00
  -1.58390282e+00  7.60414656e-01]
 [ 7.85800159e-01  4.25457562e-01 -9.66976143e-01 -4.77113561e-02
  -3.60253909e-03 -1.15836469e+00  1.50339830e+00  8.77362291e-01
  -2.20964174e-01  2.68858390e-02]
 [ 2.08382808e-01 -2.04173487e+00 -2.47177383e-01 -6.81984248e-01
  -1.00162001e+00 -2.81100293e-01  1.79768653e+00  6.40842861e-01
  -5.71178990e-01  5.72582781e-01]]
Layer3 Biases is WRONG
[[ 9.76821178e-05 -1.48506375e-05 -4.12854601e-09 -7.12217687e-05
  -9.98300890e-06 -5.92940971e-08 -7.11727421e-10 -1.26605173e-06
  -2.54652354e-07 -4.18643088e-08]]
[[0. 0. 0. 0. 0. 0. 0. 0. 0. 0.]]
Layer3 Weight Gradient is CORRECT
[[ 8.22110363e-02 -1.24985650e-02 -3.47465896e-06 -5.99415281e-02
  -8.40188077e-03 -4.99029841e-05 -5.99002665e-07 -1.06553202e-03
  -2.14320025e-04 -3.52337591e-05]
 [ 1.17035174e-01 -1.77928876e-02 -4.94650517e-06 -8.53324260e-02
  -1.19608707e-02 -7.10416106e-05 -8.52736862e-07 -1.51688546e-03
  -3.05104795e-04 -5.01585835e-05]
 [ 9.62754427e-01 -1.46367803e-01 -4.06909273e-05 -7.01961369e-01
  -9.83924820e-02 -5.84402302e-04 -7.01478163e-06 -1.24781990e-02
  -2.50985223e-03 -4.12614402e-04]
 [ 6.01083725e-01 -9.13829134e-02 -2.54048732e-05 -4.38260830e-01
  -6.14301196e-02 -3.64864292e-04 -4.37959147e-06 -7.79060802e-03
  -1.56699495e-03 -2.57610658e-04]
 [ 9.71450539e-01 -1.47689875e-01 -4.10584694e-05 -7.08301858e-01
  -9.92812154e-02 -5.89680936e-04 -7.07814289e-06 -1.25909088e-02
  -2.53252255e-03 -4.16341356e-04]
 [ 1.71438706e-07 -2.60638705e-08 -7.24587673e-12 -1.24999008e-07
  -1.75208540e-08 -1.04065140e-10 -1.24912963e-12 -2.22200619e-09
  -4.46932058e-10 -7.34746858e-11]
 [ 3.94063779e-02 -5.99096177e-03 -1.66551512e-06 -2.87318907e-02
  -4.02729005e-03 -2.39200956e-05 -2.87121127e-07 -5.10743563e-04
  -1.02730439e-04 -1.68886671e-05]
 [ 9.76766688e-01 -1.48498091e-01 -4.12831571e-05 -7.12177957e-01
  -9.98245201e-02 -5.92907895e-04 -7.11687719e-06 -1.26598111e-02
  -2.54638148e-03 -4.18619735e-04]
 [ 6.39499238e-01 -9.72232337e-02 -2.70285093e-05 -4.66270263e-01
  -6.53561443e-02 -3.88182922e-04 -4.65949299e-06 -8.28850904e-03
  -1.66714226e-03 -2.74074664e-04]
 [ 9.75027063e-01 -1.48233615e-01 -4.12096316e-05 -7.10909565e-01
  -9.96467323e-02 -5.91851924e-04 -7.10420200e-06 -1.26372639e-02
  -2.54184637e-03 -4.17874172e-04]
 [ 9.70710963e-01 -1.47577437e-01 -4.10272111e-05 -7.07762620e-01
  -9.92056314e-02 -5.89232005e-04 -7.07275421e-06 -1.25813232e-02
  -2.53059451e-03 -4.16024390e-04]
 [ 9.66311776e-01 -1.46908628e-01 -4.08412790e-05 -7.04555095e-01
  -9.87560392e-02 -5.86561651e-04 -7.04070104e-06 -1.25243056e-02
  -2.51912606e-03 -4.14139000e-04]
 [ 9.40244930e-01 -1.42945678e-01 -3.97395607e-05 -6.85549293e-01
  -9.60920352e-02 -5.70738795e-04 -6.85077386e-06 -1.21864549e-02
  -2.45117110e-03 -4.02967349e-04]
 [ 5.89103603e-05 -8.95615722e-06 -2.48985319e-09 -4.29525909e-05
  -6.02057637e-06 -3.57592229e-08 -4.29230239e-10 -7.63533441e-07
  -1.53576338e-07 -2.52476253e-08]
 [ 9.62418602e-01 -1.46316748e-01 -4.06767336e-05 -7.01716512e-01
  -9.83581610e-02 -5.84198453e-04 -7.01233476e-06 -1.24738464e-02
  -2.50897675e-03 -4.12470475e-04]
 [ 9.76720803e-01 -1.48491115e-01 -4.12812178e-05 -7.12144502e-01
  -9.98198308e-02 -5.92880043e-04 -7.11654287e-06 -1.26592164e-02
  -2.54626187e-03 -4.18600070e-04]
 [ 9.64950123e-01 -1.46701615e-01 -4.07837286e-05 -7.03562289e-01
  -9.86168797e-02 -5.85735113e-04 -7.03077982e-06 -1.25066573e-02
  -2.51557630e-03 -4.13555427e-04]
 [ 4.18105916e-03 -6.35647499e-04 -1.76712949e-07 -3.04848456e-03
  -4.27299814e-04 -2.53794792e-06 -3.04638609e-08 -5.41904424e-05
  -1.08998103e-05 -1.79190578e-06]
 [ 9.76002920e-01 -1.48381975e-01 -4.12508764e-05 -7.11621080e-01
  -9.97464639e-02 -5.92444280e-04 -7.11131226e-06 -1.26499119e-02
  -2.54439038e-03 -4.18292402e-04]
 [ 7.99294007e-01 -1.21516874e-01 -3.37822537e-05 -5.82779470e-01
  -8.16870003e-02 -4.85180067e-04 -5.82378306e-06 -1.03595989e-02
  -2.08371916e-03 -3.42559026e-04]
 [ 5.03690968e-01 -7.65762674e-02 -2.12885570e-05 -3.67250039e-01
  -5.14766830e-02 -3.05745840e-04 -3.66997237e-06 -6.52830667e-03
  -1.31309694e-03 -2.15870363e-04]
 [ 3.48122530e-02 -5.29251578e-03 -1.47134390e-06 -2.53822326e-02
  -3.55777536e-03 -2.11314124e-05 -2.53647603e-07 -4.51199403e-04
  -9.07537876e-05 -1.49197309e-05]
 [ 6.41571893e-02 -9.75383399e-03 -2.71161103e-06 -4.67781473e-02
  -6.55679674e-03 -3.89441046e-05 -4.67459469e-07 -8.31537259e-04
  -1.67254556e-04 -2.74962956e-05]
 [ 9.02242480e-01 -1.37168156e-01 -3.81333828e-05 -6.57841032e-01
  -9.22082251e-02 -5.47670899e-04 -6.57388198e-06 -1.16939075e-02
  -2.35210063e-03 -3.86680374e-04]
 [ 9.75590659e-01 -1.48319299e-01 -4.12334521e-05 -7.11320493e-01
  -9.97043312e-02 -5.92194033e-04 -7.10830845e-06 -1.26445686e-02
  -2.54331564e-03 -4.18115716e-04]
 [ 6.18701682e-05 -9.40613758e-06 -2.61494982e-09 -4.51106395e-05
  -6.32306560e-06 -3.75558581e-08 -4.50795869e-10 -8.01895323e-07
  -1.61292407e-07 -2.65161309e-08]
 [ 2.70291887e-03 -4.10925451e-04 -1.14239179e-07 -1.97074620e-03
  -2.76235444e-04 -1.64070085e-06 -1.96938961e-08 -3.50323600e-05
  -7.04637315e-06 -1.15840886e-06]
 [ 9.76818772e-01 -1.48506009e-01 -4.12853584e-05 -7.12215933e-01
  -9.98298431e-02 -5.92939511e-04 -7.11725668e-06 -1.26604861e-02
  -2.54651727e-03 -4.18642057e-04]
 [ 1.36045956e-01 -2.06831016e-02 -5.74999805e-06 -9.91935248e-02
  -1.39037525e-02 -8.25813597e-05 -9.91252435e-07 -1.76328300e-03
  -3.54664944e-04 -5.83061672e-05]
 [ 7.52722393e-01 -1.14436579e-01 -3.18138990e-05 -5.48823278e-01
  -7.69274307e-02 -4.56910596e-04 -5.48445488e-06 -9.75598717e-03
  -1.96230931e-03 -3.22599503e-04]
 [ 9.72229699e-01 -1.47808331e-01 -4.10914007e-05 -7.08869957e-01
  -9.93608447e-02 -5.90153894e-04 -7.08381996e-06 -1.26010074e-02
  -2.53455378e-03 -4.16675286e-04]
 [ 2.48268730e-02 -3.77443589e-03 -1.04931066e-06 -1.81017145e-02
  -2.53728011e-03 -1.50701792e-05 -1.80892539e-07 -3.21779526e-04
  -6.47224057e-05 -1.06402267e-05]
 [ 9.76596547e-01 -1.48472224e-01 -4.12759660e-05 -7.12053904e-01
  -9.98071319e-02 -5.92804617e-04 -7.11563751e-06 -1.26576059e-02
  -2.54593793e-03 -4.18546816e-04]
 [ 9.68652628e-01 -1.47264508e-01 -4.09402154e-05 -7.06261851e-01
  -9.89952718e-02 -5.87982573e-04 -7.05775686e-06 -1.25546452e-02
  -2.52522854e-03 -4.15142235e-04]
 [ 9.76665786e-01 -1.48482751e-01 -4.12788924e-05 -7.12104387e-01
  -9.98142081e-02 -5.92846647e-04 -7.11614200e-06 -1.26585033e-02
  -2.54611844e-03 -4.18576491e-04]
 [ 9.76806354e-01 -1.48504121e-01 -4.12848336e-05 -7.12206878e-01
  -9.98285740e-02 -5.92931973e-04 -7.11716620e-06 -1.26603252e-02
  -2.54648489e-03 -4.18636735e-04]
 [ 9.73279310e-01 -1.47967904e-01 -4.11357627e-05 -7.09635248e-01
  -9.94681139e-02 -5.90791019e-04 -7.09146760e-06 -1.26146114e-02
  -2.53729007e-03 -4.17125125e-04]
 [ 1.84145686e-03 -2.79957160e-04 -7.78293872e-08 -1.34263893e-03
  -1.88194939e-04 -1.11778414e-06 -1.34171471e-08 -2.38670055e-05
  -4.80058514e-06 -7.89206052e-07]
 [ 9.76795925e-01 -1.48502536e-01 -4.12843928e-05 -7.12199274e-01
  -9.98275081e-02 -5.92925642e-04 -7.11709021e-06 -1.26601900e-02
  -2.54645770e-03 -4.18632265e-04]
 [ 7.22016399e-01 -1.09768339e-01 -3.05161066e-05 -5.26434992e-01
  -7.37893107e-02 -4.38271727e-04 -5.26072613e-06 -9.35800873e-03
  -1.88226033e-03 -3.09439621e-04]
 [ 3.08203971e-06 -4.68563290e-07 -1.30262765e-10 -2.24716994e-06
  -3.14981191e-07 -1.87083128e-09 -2.24562307e-11 -3.99461211e-08
  -8.03472205e-09 -1.32089133e-09]
 [ 9.74856405e-01 -1.48207670e-01 -4.12024188e-05 -7.10785136e-01
  -9.96292913e-02 -5.91748333e-04 -7.10295856e-06 -1.26350520e-02
  -2.54140147e-03 -4.17801032e-04]
 [ 7.18237329e-01 -1.09193806e-01 -3.03563838e-05 -5.23679605e-01
  -7.34030937e-02 -4.35977791e-04 -5.23319123e-06 -9.30902845e-03
  -1.87240849e-03 -3.07819998e-04]
 [ 9.57020526e-03 -1.45496077e-03 -4.04485833e-07 -6.97780679e-03
  -9.78064833e-04 -5.80921762e-06 -6.97300352e-08 -1.24038823e-04
  -2.49490424e-05 -4.10156984e-06]
 [ 4.18685366e-01 -6.36528438e-02 -1.76957854e-05 -3.05270943e-01
  -4.27892006e-02 -2.54146524e-04 -3.05060806e-06 -5.42655446e-03
  -1.09149163e-03 -1.79438917e-04]
 [ 6.86932541e-07 -1.04434531e-07 -2.90332833e-11 -5.00854728e-07
  -7.02037775e-08 -4.16975448e-10 -5.00509957e-12 -8.90328907e-09
  -1.79079848e-09 -2.94403486e-10]
 [ 4.99656621e-06 -7.59629245e-07 -2.11180449e-10 -3.64308525e-06
  -5.10643770e-07 -3.03296948e-09 -3.64057748e-11 -6.47601775e-08
  -1.30257961e-08 -2.14141334e-09]
 [ 5.20183353e-07 -7.90836090e-08 -2.19856096e-11 -3.79274930e-07
  -5.31621873e-08 -3.15756895e-10 -3.79013851e-12 -6.74206343e-09
  -1.35609176e-09 -2.22938620e-10]
 [ 9.44688287e-01 -1.43621203e-01 -3.99273598e-05 -6.88789024e-01
  -9.65461416e-02 -5.73435960e-04 -6.88314887e-06 -1.22440449e-02
  -2.46275471e-03 -4.04871670e-04]
 [ 9.76720163e-01 -1.48491018e-01 -4.12811907e-05 -7.12144034e-01
  -9.98197653e-02 -5.92879654e-04 -7.11653820e-06 -1.26592080e-02
  -2.54626020e-03 -4.18599795e-04]
 [ 6.93423551e-01 -1.05421361e-01 -2.93076266e-05 -5.05587438e-01
  -7.08671518e-02 -4.20915560e-04 -5.05239410e-06 -8.98741863e-03
  -1.80772022e-03 -2.97185384e-04]
 [ 9.76586645e-01 -1.48470719e-01 -4.12755475e-05 -7.12046684e-01
  -9.98061199e-02 -5.92798607e-04 -7.11556536e-06 -1.26574775e-02
  -2.54591212e-03 -4.18542572e-04]
 [ 3.60853044e-02 -5.48605811e-03 -1.52514957e-06 -2.63104370e-02
  -3.68787986e-03 -2.19041683e-05 -2.62923258e-07 -4.67699341e-04
  -9.40725684e-05 -1.54653314e-05]
 [ 7.96760438e-01 -1.21131694e-01 -3.36751721e-05 -5.80932200e-01
  -8.14280722e-02 -4.83642163e-04 -5.80532307e-06 -1.03267615e-02
  -2.07711427e-03 -3.41473196e-04]
 [ 1.92878190e-04 -2.93233209e-05 -8.15201903e-09 -1.40630918e-04
  -1.97119466e-05 -1.17079138e-07 -1.40534112e-09 -2.49988199e-06
  -5.02823713e-07 -8.26631558e-08]
 [ 6.57637564e-01 -9.99808081e-02 -2.77951277e-05 -4.79495239e-01
  -6.72098620e-02 -3.99193081e-04 -4.79165172e-06 -8.52359874e-03
  -1.71442796e-03 -2.81848333e-04]
 [ 9.14573671e-01 -1.39042870e-01 -3.86545620e-05 -6.66831923e-01
  -9.34684598e-02 -5.55156064e-04 -6.66372899e-06 -1.18537313e-02
  -2.38424743e-03 -3.91965238e-04]
 [ 9.19801408e-01 -1.39837645e-01 -3.88755129e-05 -6.70643558e-01
  -9.40027289e-02 -5.58329357e-04 -6.70181911e-06 -1.19214877e-02
  -2.39787587e-03 -3.94205726e-04]
 [ 6.08262288e-01 -9.24742720e-02 -2.57082760e-05 -4.43494847e-01
  -6.21637610e-02 -3.69221757e-04 -4.43189561e-06 -7.88364891e-03
  -1.58570910e-03 -2.60687225e-04]
 [ 9.76483874e-01 -1.48455095e-01 -4.12712039e-05 -7.11971752e-01
  -9.97956169e-02 -5.92736224e-04 -7.11481656e-06 -1.26561455e-02
  -2.54564420e-03 -4.18498527e-04]
 [ 9.48135324e-01 -1.44145257e-01 -4.00730492e-05 -6.91302320e-01
  -9.68984251e-02 -5.75528349e-04 -6.90826452e-06 -1.22887218e-02
  -2.47174096e-03 -4.06348991e-04]
 [ 9.75958425e-01 -1.48375210e-01 -4.12489957e-05 -7.11588638e-01
  -9.97419165e-02 -5.92417271e-04 -7.11098805e-06 -1.26493352e-02
  -2.54427438e-03 -4.18273332e-04]
 [ 3.59816218e-05 -5.47029522e-06 -1.52076741e-09 -2.62348401e-05
  -3.67728361e-06 -2.18412318e-08 -2.62167810e-10 -4.66355517e-07
  -9.38022730e-08 -1.54208954e-08]
 [ 5.61073146e-05 -8.53000946e-06 -2.37138214e-09 -4.09088405e-05
  -5.73410807e-06 -3.40577440e-08 -4.08806803e-10 -7.27203343e-07
  -1.46268939e-07 -2.40463044e-08]
 [ 9.71607481e-01 -1.47713735e-01 -4.10651026e-05 -7.08416287e-01
  -9.92972546e-02 -5.89776201e-04 -7.07928638e-06 -1.25929429e-02
  -2.53293169e-03 -4.16408617e-04]
 [ 1.22961611e-01 -1.86938854e-02 -5.19698673e-06 -8.96534969e-02
  -1.25665464e-02 -7.46390219e-05 -8.95917826e-07 -1.59369764e-03
  -3.20554718e-04 -5.26985183e-05]
 [ 9.76821155e-01 -1.48506372e-01 -4.12854592e-05 -7.12217670e-01
  -9.98300867e-02 -5.92940957e-04 -7.11727405e-06 -1.26605170e-02
  -2.54652348e-03 -4.18643078e-04]
 [ 2.07197803e-03 -3.15003354e-04 -8.75723914e-08 -1.51071602e-03
  -2.11753959e-04 -1.25771297e-06 -1.50967610e-08 -2.68547758e-05
  -5.40154222e-06 -8.88002126e-07]
 [ 4.53363024e-01 -6.89248971e-02 -1.91614406e-05 -3.30555040e-01
  -4.63332205e-02 -2.75196236e-04 -3.30327498e-06 -5.87600938e-03
  -1.18189453e-03 -1.94300964e-04]
 [ 9.76820409e-01 -1.48506258e-01 -4.12854276e-05 -7.12217126e-01
  -9.98300104e-02 -5.92940504e-04 -7.11726861e-06 -1.26605073e-02
  -2.54652153e-03 -4.18642758e-04]
 [ 9.48363850e-03 -1.44180000e-03 -4.00827079e-07 -6.91468943e-03
  -9.69217803e-04 -5.75667067e-06 -6.90992960e-08 -1.22916837e-04
  -2.47233672e-05 -4.06446932e-06]
 [ 9.72971835e-01 -1.47921158e-01 -4.11227672e-05 -7.09411062e-01
  -9.94366902e-02 -5.90604379e-04 -7.08922729e-06 -1.26106262e-02
  -2.53648849e-03 -4.16993348e-04]
 [ 7.71343087e-06 -1.17267488e-06 -3.26009048e-10 -5.62399957e-06
  -7.88304458e-07 -4.68213558e-09 -5.62012821e-11 -9.99732880e-08
  -2.01085252e-08 -3.30579904e-09]
 [ 1.15880037e-02 -1.76172718e-03 -4.89768316e-07 -8.44901948e-03
  -1.18428169e-03 -7.03404298e-06 -8.44320347e-08 -1.50191380e-04
  -3.02093410e-05 -4.96635182e-06]
 [ 7.83706478e-02 -1.19147097e-02 -3.31234450e-06 -5.71414325e-02
  -8.00939713e-03 -4.75718269e-05 -5.71020984e-07 -1.01575699e-03
  -2.04308325e-04 -3.35878569e-05]
 [ 9.74866193e-01 -1.48209158e-01 -4.12028324e-05 -7.10792272e-01
  -9.96302915e-02 -5.91754274e-04 -7.10302988e-06 -1.26351789e-02
  -2.54142699e-03 -4.17805226e-04]
 [ 9.25938847e-01 -1.40770721e-01 -3.91349125e-05 -6.75118474e-01
  -9.46299687e-02 -5.62054848e-04 -6.74653747e-06 -1.20010346e-02
  -2.41387587e-03 -3.96836091e-04]
 [ 2.43303235e-01 -3.69894534e-02 -1.02832394e-05 -1.77396714e-01
  -2.48653327e-02 -1.47687683e-04 -1.77274600e-06 -3.15343779e-03
  -6.34279260e-04 -1.04274170e-04]
 [ 7.28851700e-01 -1.10807511e-01 -3.08050014e-05 -5.31418731e-01
  -7.44878711e-02 -4.42420828e-04 -5.31052922e-06 -9.44660063e-03
  -1.90007961e-03 -3.12369073e-04]
 [ 1.02509203e-04 -1.55845005e-05 -4.33256331e-09 -7.47412821e-05
  -1.04763319e-05 -6.22241896e-08 -7.46898328e-10 -1.32861527e-06
  -2.67236321e-07 -4.39330864e-08]
 [ 3.01027216e-02 -4.57652451e-03 -1.27229501e-06 -2.19484295e-02
  -3.07646624e-03 -1.82726761e-05 -2.19333210e-07 -3.90159464e-04
  -7.84762767e-05 -1.29013341e-05]
 [ 9.42667061e-01 -1.43313916e-01 -3.98419324e-05 -6.87315313e-01
  -9.63395744e-02 -5.72209055e-04 -6.86842189e-06 -1.22178480e-02
  -2.45748548e-03 -4.04005419e-04]
 [ 6.36360790e-04 -9.67460945e-05 -2.68958624e-08 -4.63981965e-04
  -6.50353982e-05 -3.86277850e-07 -4.63662576e-09 -8.24783181e-06
  -1.65896048e-06 -2.72729597e-07]
 [ 3.23173752e-01 -4.91321887e-02 -1.36589760e-05 -2.35631728e-01
  -3.30280149e-02 -1.96169947e-04 -2.35469527e-06 -4.18863449e-03
  -8.42497670e-04 -1.38504836e-04]
 [ 7.27749353e-03 -1.10639921e-03 -3.07584106e-07 -5.30614991e-03
  -7.43752125e-04 -4.41751692e-06 -5.30249735e-08 -9.43231319e-05
  -1.89720585e-05 -3.11896633e-06]
 [ 4.70976487e-01 -7.16026765e-02 -1.99058757e-05 -3.43397330e-01
  -4.81332978e-02 -2.85887798e-04 -3.43160947e-06 -6.10429636e-03
  -1.22781194e-03 -2.01849689e-04]
 [ 2.46196672e-02 -3.74293434e-03 -1.04055308e-06 -1.79506370e-02
  -2.51610389e-03 -1.49444030e-05 -1.79382805e-07 -3.19093944e-04
  -6.41822305e-05 -1.05514231e-05]
 [ 1.30659141e-02 -1.98641429e-03 -5.52232373e-07 -9.52659029e-03
  -1.33532258e-03 -7.93115055e-06 -9.52003252e-08 -1.69346484e-04
  -3.40621791e-05 -5.59975026e-06]
 [ 4.53668771e-03 -6.89713800e-04 -1.91743631e-07 -3.30777966e-03
  -4.63644675e-04 -2.75381828e-06 -3.30550271e-08 -5.87997216e-05
  -1.18269160e-05 -1.94432000e-06]
 [ 8.36847669e-01 -1.27226166e-01 -3.53694636e-05 -6.10160513e-01
  -8.55249448e-02 -5.07975544e-04 -6.09740500e-06 -1.08463295e-02
  -2.18161966e-03 -3.58653662e-04]
 [ 5.65530264e-01 -8.59777115e-02 -2.39022021e-05 -4.12338170e-01
  -5.77965936e-02 -3.43282959e-04 -4.12054331e-06 -7.32980187e-03
  -1.47430887e-03 -2.42373263e-04]
 [ 1.44316520e-01 -2.19404776e-02 -6.09955440e-06 -1.05223740e-01
  -1.47489953e-02 -8.76016811e-05 -1.05151308e-06 -1.87047725e-03
  -3.76225887e-04 -6.18507408e-05]
 [ 9.76521392e-01 -1.48460798e-01 -4.12727896e-05 -7.11999107e-01
  -9.97994511e-02 -5.92758998e-04 -7.11508992e-06 -1.26566318e-02
  -2.54574201e-03 -4.18514606e-04]
 [ 8.42551475e-03 -1.28093317e-03 -3.56105356e-07 -6.14319259e-03
  -8.61078676e-04 -5.11437816e-06 -6.13896383e-08 -1.09202562e-04
  -2.19648919e-05 -3.61098182e-06]
 [ 1.07359732e-05 -1.63219276e-06 -4.53757148e-10 -7.82778889e-06
  -1.09720508e-06 -6.51685129e-09 -7.82240052e-11 -1.39148267e-07
  -2.79881405e-08 -4.60119114e-09]
 [ 9.76821143e-01 -1.48506370e-01 -4.12854586e-05 -7.12217661e-01
  -9.98300854e-02 -5.92940950e-04 -7.11727396e-06 -1.26605169e-02
  -2.54652345e-03 -4.18643073e-04]
 [ 9.76803025e-01 -1.48503615e-01 -4.12846929e-05 -7.12204451e-01
  -9.98282338e-02 -5.92929952e-04 -7.11714195e-06 -1.26602820e-02
  -2.54647621e-03 -4.18635308e-04]
 [ 9.12529391e-05 -1.38732078e-05 -3.85681603e-09 -6.65341401e-05
  -9.32595364e-06 -5.53915164e-08 -6.64883404e-10 -1.18272355e-06
  -2.37891809e-07 -3.91089107e-08]
 [ 8.74066173e-01 -1.32884505e-01 -3.69425079e-05 -6.37297186e-01
  -8.93286364e-02 -5.30567577e-04 -6.36858493e-06 -1.13287162e-02
  -2.27864642e-03 -3.74604656e-04]
 [ 9.76820652e-01 -1.48506295e-01 -4.12854379e-05 -7.12217303e-01
  -9.98300352e-02 -5.92940652e-04 -7.11727038e-06 -1.26605105e-02
  -2.54652217e-03 -4.18642862e-04]]
[[ 8.22110363e-02 -1.24985650e-02 -3.47465896e-06 -5.99415281e-02
  -8.40188077e-03 -4.99029841e-05 -5.99002665e-07 -1.06553202e-03
  -2.14320025e-04 -3.52337591e-05]
 [ 1.17035174e-01 -1.77928876e-02 -4.94650517e-06 -8.53324260e-02
  -1.19608707e-02 -7.10416106e-05 -8.52736862e-07 -1.51688546e-03
  -3.05104795e-04 -5.01585835e-05]
 [ 9.62754427e-01 -1.46367803e-01 -4.06909273e-05 -7.01961369e-01
  -9.83924820e-02 -5.84402302e-04 -7.01478163e-06 -1.24781990e-02
  -2.50985223e-03 -4.12614402e-04]
 [ 6.01083725e-01 -9.13829134e-02 -2.54048732e-05 -4.38260830e-01
  -6.14301196e-02 -3.64864292e-04 -4.37959147e-06 -7.79060802e-03
  -1.56699495e-03 -2.57610658e-04]
 [ 9.71450539e-01 -1.47689875e-01 -4.10584694e-05 -7.08301858e-01
  -9.92812154e-02 -5.89680936e-04 -7.07814289e-06 -1.25909088e-02
  -2.53252255e-03 -4.16341356e-04]
 [ 1.71438706e-07 -2.60638705e-08 -7.24587673e-12 -1.24999008e-07
  -1.75208540e-08 -1.04065140e-10 -1.24912963e-12 -2.22200619e-09
  -4.46932058e-10 -7.34746858e-11]
 [ 3.94063779e-02 -5.99096177e-03 -1.66551512e-06 -2.87318907e-02
  -4.02729005e-03 -2.39200956e-05 -2.87121127e-07 -5.10743563e-04
  -1.02730439e-04 -1.68886671e-05]
 [ 9.76766688e-01 -1.48498091e-01 -4.12831571e-05 -7.12177957e-01
  -9.98245201e-02 -5.92907895e-04 -7.11687719e-06 -1.26598111e-02
  -2.54638148e-03 -4.18619735e-04]
 [ 6.39499238e-01 -9.72232337e-02 -2.70285093e-05 -4.66270263e-01
  -6.53561443e-02 -3.88182922e-04 -4.65949299e-06 -8.28850904e-03
  -1.66714226e-03 -2.74074664e-04]
 [ 9.75027063e-01 -1.48233615e-01 -4.12096316e-05 -7.10909565e-01
  -9.96467323e-02 -5.91851924e-04 -7.10420200e-06 -1.26372639e-02
  -2.54184637e-03 -4.17874172e-04]
 [ 9.70710963e-01 -1.47577437e-01 -4.10272111e-05 -7.07762620e-01
  -9.92056314e-02 -5.89232005e-04 -7.07275421e-06 -1.25813232e-02
  -2.53059451e-03 -4.16024390e-04]
 [ 9.66311776e-01 -1.46908628e-01 -4.08412790e-05 -7.04555095e-01
  -9.87560392e-02 -5.86561651e-04 -7.04070104e-06 -1.25243056e-02
  -2.51912606e-03 -4.14139000e-04]
 [ 9.40244930e-01 -1.42945678e-01 -3.97395607e-05 -6.85549293e-01
  -9.60920352e-02 -5.70738795e-04 -6.85077386e-06 -1.21864549e-02
  -2.45117110e-03 -4.02967349e-04]
 [ 5.89103603e-05 -8.95615722e-06 -2.48985319e-09 -4.29525909e-05
  -6.02057637e-06 -3.57592229e-08 -4.29230239e-10 -7.63533441e-07
  -1.53576338e-07 -2.52476253e-08]
 [ 9.62418602e-01 -1.46316748e-01 -4.06767336e-05 -7.01716512e-01
  -9.83581610e-02 -5.84198453e-04 -7.01233476e-06 -1.24738464e-02
  -2.50897675e-03 -4.12470475e-04]
 [ 9.76720803e-01 -1.48491115e-01 -4.12812178e-05 -7.12144502e-01
  -9.98198308e-02 -5.92880043e-04 -7.11654287e-06 -1.26592164e-02
  -2.54626187e-03 -4.18600070e-04]
 [ 9.64950123e-01 -1.46701615e-01 -4.07837286e-05 -7.03562289e-01
  -9.86168797e-02 -5.85735113e-04 -7.03077982e-06 -1.25066573e-02
  -2.51557630e-03 -4.13555427e-04]
 [ 4.18105916e-03 -6.35647499e-04 -1.76712949e-07 -3.04848456e-03
  -4.27299814e-04 -2.53794792e-06 -3.04638609e-08 -5.41904424e-05
  -1.08998103e-05 -1.79190578e-06]
 [ 9.76002920e-01 -1.48381975e-01 -4.12508764e-05 -7.11621080e-01
  -9.97464639e-02 -5.92444280e-04 -7.11131226e-06 -1.26499119e-02
  -2.54439038e-03 -4.18292402e-04]
 [ 7.99294007e-01 -1.21516874e-01 -3.37822537e-05 -5.82779470e-01
  -8.16870003e-02 -4.85180067e-04 -5.82378306e-06 -1.03595989e-02
  -2.08371916e-03 -3.42559026e-04]
 [ 5.03690968e-01 -7.65762674e-02 -2.12885570e-05 -3.67250039e-01
  -5.14766830e-02 -3.05745840e-04 -3.66997237e-06 -6.52830667e-03
  -1.31309694e-03 -2.15870363e-04]
 [ 3.48122530e-02 -5.29251578e-03 -1.47134390e-06 -2.53822326e-02
  -3.55777536e-03 -2.11314124e-05 -2.53647603e-07 -4.51199403e-04
  -9.07537876e-05 -1.49197309e-05]
 [ 6.41571893e-02 -9.75383399e-03 -2.71161103e-06 -4.67781473e-02
  -6.55679674e-03 -3.89441046e-05 -4.67459469e-07 -8.31537259e-04
  -1.67254556e-04 -2.74962956e-05]
 [ 9.02242480e-01 -1.37168156e-01 -3.81333828e-05 -6.57841032e-01
  -9.22082251e-02 -5.47670899e-04 -6.57388198e-06 -1.16939075e-02
  -2.35210063e-03 -3.86680374e-04]
 [ 9.75590659e-01 -1.48319299e-01 -4.12334521e-05 -7.11320493e-01
  -9.97043312e-02 -5.92194033e-04 -7.10830845e-06 -1.26445686e-02
  -2.54331564e-03 -4.18115716e-04]
 [ 6.18701682e-05 -9.40613758e-06 -2.61494982e-09 -4.51106395e-05
  -6.32306560e-06 -3.75558581e-08 -4.50795869e-10 -8.01895323e-07
  -1.61292407e-07 -2.65161309e-08]
 [ 2.70291887e-03 -4.10925451e-04 -1.14239179e-07 -1.97074620e-03
  -2.76235444e-04 -1.64070085e-06 -1.96938961e-08 -3.50323600e-05
  -7.04637315e-06 -1.15840886e-06]
 [ 9.76818772e-01 -1.48506009e-01 -4.12853584e-05 -7.12215933e-01
  -9.98298431e-02 -5.92939511e-04 -7.11725668e-06 -1.26604861e-02
  -2.54651727e-03 -4.18642057e-04]
 [ 1.36045956e-01 -2.06831016e-02 -5.74999805e-06 -9.91935248e-02
  -1.39037525e-02 -8.25813597e-05 -9.91252435e-07 -1.76328300e-03
  -3.54664944e-04 -5.83061672e-05]
 [ 7.52722393e-01 -1.14436579e-01 -3.18138990e-05 -5.48823278e-01
  -7.69274307e-02 -4.56910596e-04 -5.48445488e-06 -9.75598717e-03
  -1.96230931e-03 -3.22599503e-04]
 [ 9.72229699e-01 -1.47808331e-01 -4.10914007e-05 -7.08869957e-01
  -9.93608447e-02 -5.90153894e-04 -7.08381996e-06 -1.26010074e-02
  -2.53455378e-03 -4.16675286e-04]
 [ 2.48268730e-02 -3.77443589e-03 -1.04931066e-06 -1.81017145e-02
  -2.53728011e-03 -1.50701792e-05 -1.80892539e-07 -3.21779526e-04
  -6.47224057e-05 -1.06402267e-05]
 [ 9.76596547e-01 -1.48472224e-01 -4.12759660e-05 -7.12053904e-01
  -9.98071319e-02 -5.92804617e-04 -7.11563751e-06 -1.26576059e-02
  -2.54593793e-03 -4.18546816e-04]
 [ 9.68652628e-01 -1.47264508e-01 -4.09402154e-05 -7.06261851e-01
  -9.89952718e-02 -5.87982573e-04 -7.05775686e-06 -1.25546452e-02
  -2.52522854e-03 -4.15142235e-04]
 [ 9.76665786e-01 -1.48482751e-01 -4.12788924e-05 -7.12104387e-01
  -9.98142081e-02 -5.92846647e-04 -7.11614200e-06 -1.26585033e-02
  -2.54611844e-03 -4.18576491e-04]
 [ 9.76806354e-01 -1.48504121e-01 -4.12848336e-05 -7.12206878e-01
  -9.98285740e-02 -5.92931973e-04 -7.11716620e-06 -1.26603252e-02
  -2.54648489e-03 -4.18636735e-04]
 [ 9.73279310e-01 -1.47967904e-01 -4.11357627e-05 -7.09635248e-01
  -9.94681139e-02 -5.90791019e-04 -7.09146760e-06 -1.26146114e-02
  -2.53729007e-03 -4.17125125e-04]
 [ 1.84145686e-03 -2.79957160e-04 -7.78293872e-08 -1.34263893e-03
  -1.88194939e-04 -1.11778414e-06 -1.34171471e-08 -2.38670055e-05
  -4.80058514e-06 -7.89206052e-07]
 [ 9.76795925e-01 -1.48502536e-01 -4.12843928e-05 -7.12199274e-01
  -9.98275081e-02 -5.92925642e-04 -7.11709021e-06 -1.26601900e-02
  -2.54645770e-03 -4.18632265e-04]
 [ 7.22016399e-01 -1.09768339e-01 -3.05161066e-05 -5.26434992e-01
  -7.37893107e-02 -4.38271727e-04 -5.26072613e-06 -9.35800873e-03
  -1.88226033e-03 -3.09439621e-04]
 [ 3.08203971e-06 -4.68563290e-07 -1.30262765e-10 -2.24716994e-06
  -3.14981191e-07 -1.87083128e-09 -2.24562307e-11 -3.99461211e-08
  -8.03472205e-09 -1.32089133e-09]
 [ 9.74856405e-01 -1.48207670e-01 -4.12024188e-05 -7.10785136e-01
  -9.96292913e-02 -5.91748333e-04 -7.10295856e-06 -1.26350520e-02
  -2.54140147e-03 -4.17801032e-04]
 [ 7.18237329e-01 -1.09193806e-01 -3.03563838e-05 -5.23679605e-01
  -7.34030937e-02 -4.35977791e-04 -5.23319123e-06 -9.30902845e-03
  -1.87240849e-03 -3.07819998e-04]
 [ 9.57020526e-03 -1.45496077e-03 -4.04485833e-07 -6.97780679e-03
  -9.78064833e-04 -5.80921762e-06 -6.97300352e-08 -1.24038823e-04
  -2.49490424e-05 -4.10156984e-06]
 [ 4.18685366e-01 -6.36528438e-02 -1.76957854e-05 -3.05270943e-01
  -4.27892006e-02 -2.54146524e-04 -3.05060806e-06 -5.42655446e-03
  -1.09149163e-03 -1.79438917e-04]
 [ 6.86932541e-07 -1.04434531e-07 -2.90332833e-11 -5.00854728e-07
  -7.02037775e-08 -4.16975448e-10 -5.00509957e-12 -8.90328907e-09
  -1.79079848e-09 -2.94403486e-10]
 [ 4.99656621e-06 -7.59629245e-07 -2.11180449e-10 -3.64308525e-06
  -5.10643770e-07 -3.03296948e-09 -3.64057748e-11 -6.47601775e-08
  -1.30257961e-08 -2.14141334e-09]
 [ 5.20183353e-07 -7.90836090e-08 -2.19856096e-11 -3.79274930e-07
  -5.31621873e-08 -3.15756895e-10 -3.79013851e-12 -6.74206343e-09
  -1.35609176e-09 -2.22938620e-10]
 [ 9.44688287e-01 -1.43621203e-01 -3.99273598e-05 -6.88789024e-01
  -9.65461416e-02 -5.73435960e-04 -6.88314887e-06 -1.22440449e-02
  -2.46275471e-03 -4.04871670e-04]
 [ 9.76720163e-01 -1.48491018e-01 -4.12811907e-05 -7.12144034e-01
  -9.98197653e-02 -5.92879654e-04 -7.11653820e-06 -1.26592080e-02
  -2.54626020e-03 -4.18599795e-04]
 [ 6.93423551e-01 -1.05421361e-01 -2.93076266e-05 -5.05587438e-01
  -7.08671518e-02 -4.20915560e-04 -5.05239410e-06 -8.98741863e-03
  -1.80772022e-03 -2.97185384e-04]
 [ 9.76586645e-01 -1.48470719e-01 -4.12755475e-05 -7.12046684e-01
  -9.98061199e-02 -5.92798607e-04 -7.11556536e-06 -1.26574775e-02
  -2.54591212e-03 -4.18542572e-04]
 [ 3.60853044e-02 -5.48605811e-03 -1.52514957e-06 -2.63104370e-02
  -3.68787986e-03 -2.19041683e-05 -2.62923258e-07 -4.67699341e-04
  -9.40725684e-05 -1.54653314e-05]
 [ 7.96760438e-01 -1.21131694e-01 -3.36751721e-05 -5.80932200e-01
  -8.14280722e-02 -4.83642163e-04 -5.80532307e-06 -1.03267615e-02
  -2.07711427e-03 -3.41473196e-04]
 [ 1.92878190e-04 -2.93233209e-05 -8.15201903e-09 -1.40630918e-04
  -1.97119466e-05 -1.17079138e-07 -1.40534112e-09 -2.49988199e-06
  -5.02823713e-07 -8.26631558e-08]
 [ 6.57637564e-01 -9.99808081e-02 -2.77951277e-05 -4.79495239e-01
  -6.72098620e-02 -3.99193081e-04 -4.79165172e-06 -8.52359874e-03
  -1.71442796e-03 -2.81848333e-04]
 [ 9.14573671e-01 -1.39042870e-01 -3.86545620e-05 -6.66831923e-01
  -9.34684598e-02 -5.55156064e-04 -6.66372899e-06 -1.18537313e-02
  -2.38424743e-03 -3.91965238e-04]
 [ 9.19801408e-01 -1.39837645e-01 -3.88755129e-05 -6.70643558e-01
  -9.40027289e-02 -5.58329357e-04 -6.70181911e-06 -1.19214877e-02
  -2.39787587e-03 -3.94205726e-04]
 [ 6.08262288e-01 -9.24742720e-02 -2.57082760e-05 -4.43494847e-01
  -6.21637610e-02 -3.69221757e-04 -4.43189561e-06 -7.88364891e-03
  -1.58570910e-03 -2.60687225e-04]
 [ 9.76483874e-01 -1.48455095e-01 -4.12712039e-05 -7.11971752e-01
  -9.97956169e-02 -5.92736224e-04 -7.11481656e-06 -1.26561455e-02
  -2.54564420e-03 -4.18498527e-04]
 [ 9.48135324e-01 -1.44145257e-01 -4.00730492e-05 -6.91302320e-01
  -9.68984251e-02 -5.75528349e-04 -6.90826452e-06 -1.22887218e-02
  -2.47174096e-03 -4.06348991e-04]
 [ 9.75958425e-01 -1.48375210e-01 -4.12489957e-05 -7.11588638e-01
  -9.97419165e-02 -5.92417271e-04 -7.11098805e-06 -1.26493352e-02
  -2.54427438e-03 -4.18273332e-04]
 [ 3.59816218e-05 -5.47029522e-06 -1.52076741e-09 -2.62348401e-05
  -3.67728361e-06 -2.18412318e-08 -2.62167810e-10 -4.66355517e-07
  -9.38022730e-08 -1.54208954e-08]
 [ 5.61073146e-05 -8.53000946e-06 -2.37138214e-09 -4.09088405e-05
  -5.73410807e-06 -3.40577440e-08 -4.08806803e-10 -7.27203343e-07
  -1.46268939e-07 -2.40463044e-08]
 [ 9.71607481e-01 -1.47713735e-01 -4.10651026e-05 -7.08416287e-01
  -9.92972546e-02 -5.89776201e-04 -7.07928638e-06 -1.25929429e-02
  -2.53293169e-03 -4.16408617e-04]
 [ 1.22961611e-01 -1.86938854e-02 -5.19698673e-06 -8.96534969e-02
  -1.25665464e-02 -7.46390219e-05 -8.95917826e-07 -1.59369764e-03
  -3.20554718e-04 -5.26985183e-05]
 [ 9.76821155e-01 -1.48506372e-01 -4.12854592e-05 -7.12217670e-01
  -9.98300867e-02 -5.92940957e-04 -7.11727405e-06 -1.26605170e-02
  -2.54652348e-03 -4.18643078e-04]
 [ 2.07197803e-03 -3.15003354e-04 -8.75723914e-08 -1.51071602e-03
  -2.11753959e-04 -1.25771297e-06 -1.50967610e-08 -2.68547758e-05
  -5.40154222e-06 -8.88002126e-07]
 [ 4.53363024e-01 -6.89248971e-02 -1.91614406e-05 -3.30555040e-01
  -4.63332205e-02 -2.75196236e-04 -3.30327498e-06 -5.87600938e-03
  -1.18189453e-03 -1.94300964e-04]
 [ 9.76820409e-01 -1.48506258e-01 -4.12854276e-05 -7.12217126e-01
  -9.98300104e-02 -5.92940504e-04 -7.11726861e-06 -1.26605073e-02
  -2.54652153e-03 -4.18642758e-04]
 [ 9.48363850e-03 -1.44180000e-03 -4.00827079e-07 -6.91468943e-03
  -9.69217803e-04 -5.75667067e-06 -6.90992960e-08 -1.22916837e-04
  -2.47233672e-05 -4.06446932e-06]
 [ 9.72971835e-01 -1.47921158e-01 -4.11227672e-05 -7.09411062e-01
  -9.94366902e-02 -5.90604379e-04 -7.08922729e-06 -1.26106262e-02
  -2.53648849e-03 -4.16993348e-04]
 [ 7.71343087e-06 -1.17267488e-06 -3.26009048e-10 -5.62399957e-06
  -7.88304458e-07 -4.68213558e-09 -5.62012821e-11 -9.99732880e-08
  -2.01085252e-08 -3.30579904e-09]
 [ 1.15880037e-02 -1.76172718e-03 -4.89768316e-07 -8.44901948e-03
  -1.18428169e-03 -7.03404298e-06 -8.44320347e-08 -1.50191380e-04
  -3.02093410e-05 -4.96635182e-06]
 [ 7.83706478e-02 -1.19147097e-02 -3.31234450e-06 -5.71414325e-02
  -8.00939713e-03 -4.75718269e-05 -5.71020984e-07 -1.01575699e-03
  -2.04308325e-04 -3.35878569e-05]
 [ 9.74866193e-01 -1.48209158e-01 -4.12028324e-05 -7.10792272e-01
  -9.96302915e-02 -5.91754274e-04 -7.10302988e-06 -1.26351789e-02
  -2.54142699e-03 -4.17805226e-04]
 [ 9.25938847e-01 -1.40770721e-01 -3.91349125e-05 -6.75118474e-01
  -9.46299687e-02 -5.62054848e-04 -6.74653747e-06 -1.20010346e-02
  -2.41387587e-03 -3.96836091e-04]
 [ 2.43303235e-01 -3.69894534e-02 -1.02832394e-05 -1.77396714e-01
  -2.48653327e-02 -1.47687683e-04 -1.77274600e-06 -3.15343779e-03
  -6.34279260e-04 -1.04274170e-04]
 [ 7.28851700e-01 -1.10807511e-01 -3.08050014e-05 -5.31418731e-01
  -7.44878711e-02 -4.42420828e-04 -5.31052922e-06 -9.44660063e-03
  -1.90007961e-03 -3.12369073e-04]
 [ 1.02509203e-04 -1.55845005e-05 -4.33256331e-09 -7.47412821e-05
  -1.04763319e-05 -6.22241896e-08 -7.46898328e-10 -1.32861527e-06
  -2.67236321e-07 -4.39330864e-08]
 [ 3.01027216e-02 -4.57652451e-03 -1.27229501e-06 -2.19484295e-02
  -3.07646624e-03 -1.82726761e-05 -2.19333210e-07 -3.90159464e-04
  -7.84762767e-05 -1.29013341e-05]
 [ 9.42667061e-01 -1.43313916e-01 -3.98419324e-05 -6.87315313e-01
  -9.63395744e-02 -5.72209055e-04 -6.86842189e-06 -1.22178480e-02
  -2.45748548e-03 -4.04005419e-04]
 [ 6.36360790e-04 -9.67460945e-05 -2.68958624e-08 -4.63981965e-04
  -6.50353982e-05 -3.86277850e-07 -4.63662576e-09 -8.24783181e-06
  -1.65896048e-06 -2.72729597e-07]
 [ 3.23173752e-01 -4.91321887e-02 -1.36589760e-05 -2.35631728e-01
  -3.30280149e-02 -1.96169947e-04 -2.35469527e-06 -4.18863449e-03
  -8.42497670e-04 -1.38504836e-04]
 [ 7.27749353e-03 -1.10639921e-03 -3.07584106e-07 -5.30614991e-03
  -7.43752125e-04 -4.41751692e-06 -5.30249735e-08 -9.43231319e-05
  -1.89720585e-05 -3.11896633e-06]
 [ 4.70976487e-01 -7.16026765e-02 -1.99058757e-05 -3.43397330e-01
  -4.81332978e-02 -2.85887798e-04 -3.43160947e-06 -6.10429636e-03
  -1.22781194e-03 -2.01849689e-04]
 [ 2.46196672e-02 -3.74293434e-03 -1.04055308e-06 -1.79506370e-02
  -2.51610389e-03 -1.49444030e-05 -1.79382805e-07 -3.19093944e-04
  -6.41822305e-05 -1.05514231e-05]
 [ 1.30659141e-02 -1.98641429e-03 -5.52232373e-07 -9.52659029e-03
  -1.33532258e-03 -7.93115055e-06 -9.52003252e-08 -1.69346484e-04
  -3.40621791e-05 -5.59975026e-06]
 [ 4.53668771e-03 -6.89713800e-04 -1.91743631e-07 -3.30777966e-03
  -4.63644675e-04 -2.75381828e-06 -3.30550271e-08 -5.87997216e-05
  -1.18269160e-05 -1.94432000e-06]
 [ 8.36847669e-01 -1.27226166e-01 -3.53694636e-05 -6.10160513e-01
  -8.55249448e-02 -5.07975544e-04 -6.09740500e-06 -1.08463295e-02
  -2.18161966e-03 -3.58653662e-04]
 [ 5.65530264e-01 -8.59777115e-02 -2.39022021e-05 -4.12338170e-01
  -5.77965936e-02 -3.43282959e-04 -4.12054331e-06 -7.32980187e-03
  -1.47430887e-03 -2.42373263e-04]
 [ 1.44316520e-01 -2.19404776e-02 -6.09955440e-06 -1.05223740e-01
  -1.47489953e-02 -8.76016811e-05 -1.05151308e-06 -1.87047725e-03
  -3.76225887e-04 -6.18507408e-05]
 [ 9.76521392e-01 -1.48460798e-01 -4.12727896e-05 -7.11999107e-01
  -9.97994511e-02 -5.92758998e-04 -7.11508992e-06 -1.26566318e-02
  -2.54574201e-03 -4.18514606e-04]
 [ 8.42551475e-03 -1.28093317e-03 -3.56105356e-07 -6.14319259e-03
  -8.61078676e-04 -5.11437816e-06 -6.13896383e-08 -1.09202562e-04
  -2.19648919e-05 -3.61098182e-06]
 [ 1.07359732e-05 -1.63219276e-06 -4.53757148e-10 -7.82778889e-06
  -1.09720508e-06 -6.51685129e-09 -7.82240052e-11 -1.39148267e-07
  -2.79881405e-08 -4.60119114e-09]
 [ 9.76821143e-01 -1.48506370e-01 -4.12854586e-05 -7.12217661e-01
  -9.98300854e-02 -5.92940950e-04 -7.11727396e-06 -1.26605169e-02
  -2.54652345e-03 -4.18643073e-04]
 [ 9.76803025e-01 -1.48503615e-01 -4.12846929e-05 -7.12204451e-01
  -9.98282338e-02 -5.92929952e-04 -7.11714195e-06 -1.26602820e-02
  -2.54647621e-03 -4.18635308e-04]
 [ 9.12529391e-05 -1.38732078e-05 -3.85681603e-09 -6.65341401e-05
  -9.32595364e-06 -5.53915164e-08 -6.64883404e-10 -1.18272355e-06
  -2.37891809e-07 -3.91089107e-08]
 [ 8.74066173e-01 -1.32884505e-01 -3.69425079e-05 -6.37297186e-01
  -8.93286364e-02 -5.30567577e-04 -6.36858493e-06 -1.13287162e-02
  -2.27864642e-03 -3.74604656e-04]
 [ 9.76820652e-01 -1.48506295e-01 -4.12854379e-05 -7.12217303e-01
  -9.98300352e-02 -5.92940652e-04 -7.11727038e-06 -1.26605105e-02
  -2.54652217e-03 -4.18642862e-04]]
Layer3 Bias Gradient is CORRECT
[ 9.76821178e-01 -1.48506375e-01 -4.12854601e-05 -7.12217687e-01
 -9.98300890e-02 -5.92940971e-04 -7.11727421e-06 -1.26605173e-02
 -2.54652354e-03 -4.18643088e-04]
[ 9.76821178e-01 -1.48506375e-01 -4.12854601e-05 -7.12217687e-01
 -9.98300890e-02 -5.92940971e-04 -7.11727421e-06 -1.26605173e-02
 -2.54652354e-03 -4.18643088e-04]
0.010598777187812092
0.00019536423565478617
7.783728130727946e-13
1.3237989941435394e-14
0.0
5.1486592766991635e-15
0.0
